2.459421611218535341e+06 9.997276421663798818e-01 3.565775176343250635e-04
2.459421612607446965e+06 1.000660693433609749e+00 3.567277139577912587e-04
2.459421613996358588e+06 9.994754982990569081e-01 3.566019886661979106e-04
2.459421615385270212e+06 1.000289638281232740e+00 3.566918300422594439e-04
2.459421616774181835e+06 1.000305486048008730e+00 3.566437862453312319e-04
2.459421618163093459e+06 9.997830480358154137e-01 3.566125253598702652e-04
2.459421619552005082e+06 1.000676357727467103e+00 3.567120489504540105e-04
2.459421620940916706e+06 1.000161787775317501e+00 3.566499802066345625e-04
2.459421622329827864e+06 1.000250684209739394e+00 3.566595121363105750e-04
2.459421623718739953e+06 9.997967335501095620e-01 3.566053465474304735e-04
2.459421625107651111e+06 1.000341454483977710e+00 3.566451755544209875e-04
2.459421626496562734e+06 9.998184453450217335e-01 3.565815705237756496e-04
2.459421627885474358e+06 1.000578765744396748e+00 3.566934506840209137e-04
2.459421629274385981e+06 1.000461806188907454e+00 3.566873346521665556e-04
2.459421630663297605e+06 1.000737777789479033e+00 3.567335978037664782e-04
2.459421632052209228e+06 1.000240793946642670e+00 3.566358169094634178e-04
2.459421633441120852e+06 1.000414326879778937e+00 3.566450790747979229e-04
2.459421634830032010e+06 1.000054580405990157e+00 3.566088394822872448e-04
2.459421636218943633e+06 9.995479117805251557e-01 3.565084184310978854e-04
2.459421637607855257e+06 1.000542051388909170e+00 3.566685421504956475e-04
2.459421638996766880e+06 1.000366824434754109e+00 3.566623099215595477e-04
2.459421640385678504e+06 1.001083190456786731e+00 3.567056052625316304e-04
2.459421641774590127e+06 9.999867439614433806e-01 3.565682537140243231e-04
2.459421643163501751e+06 1.000019032491927140e+00 3.565675975105416580e-04
2.459421644552412909e+06 1.000010583693192290e+00 3.565499374632345405e-04
2.459421645941324532e+06 9.990977201096045146e-01 3.564310616194573018e-04
2.459421647330236156e+06 1.000015546325514926e+00 3.565696626174218631e-04
2.459421648719147779e+06 1.001515535053558281e+00 3.567990080599769856e-04
2.459421650108059403e+06 1.000298579029845758e+00 3.565761473612811595e-04
2.459421651496971026e+06 1.000115360768967454e+00 3.565949061348617599e-04
2.459421652885882650e+06 1.000297958929975195e+00 3.565806441531053721e-04
2.459421654274793807e+06 1.000796579108463868e+00 3.566535112953094378e-04
2.459421655663705431e+06 1.000690723189775921e+00 3.566405830954175182e-04
2.459421657052617054e+06 1.000478120745730948e+00 3.566105376923984615e-04
2.459421658441528678e+06 1.000263059201755622e+00 3.565532958346652632e-04
2.459421659830440301e+06 1.000166204459509878e+00 3.565886147220192408e-04
2.459421661219351459e+06 9.995127670033573386e-01 3.564288605561368177e-04
2.459421662608263083e+06 1.000188071299050296e+00 3.565225481842141807e-04
2.459421663997174706e+06 9.998073373565453670e-01 3.564631299565619018e-04
2.459421665386086330e+06 9.994174744470830651e-01 3.564617592438008332e-04
2.459421666774997953e+06 1.000754921410348608e+00 3.566245476172584441e-04
2.459421668163909577e+06 1.000282543028643722e+00 3.565577543133816355e-04
2.459421669552821200e+06 1.000350119601527199e+00 3.565786177088736079e-04
2.459421670941732358e+06 1.000038914338809093e+00 3.565227605122989283e-04
2.459421672330643982e+06 1.000654048530181583e+00 3.566220003991304511e-04
2.459421673719555605e+06 1.000218040877473680e+00 3.565562488592700029e-04
2.459421675108467229e+06 1.000075917164280570e+00 3.565395340314231505e-04
2.459421676497378852e+06 9.993748047812515134e-01 3.563957657374129499e-04
2.459421677886290476e+06 1.000991217740027972e+00 3.566447317479389174e-04
2.459421679275201634e+06 1.000602935442033381e+00 3.565660148971738276e-04
2.459421680664113257e+06 9.997988191194568941e-01 3.564249797008563442e-04
2.459421682053024881e+06 1.000663962364252368e+00 3.565986307533461092e-04
2.459421683441936038e+06 9.996634527555927630e-01 3.564812383148885117e-04
2.459421684830848128e+06 1.000270752871688318e+00 3.565371406201144891e-04
2.459421686219759285e+06 1.001021290298622635e+00 3.566275000518686592e-04
2.459421687608670909e+06 9.996125857258155722e-01 3.564337260463437814e-04
2.459421688997582532e+06 1.000014962825941378e+00 3.565324888634667511e-04
2.459421690386494156e+06 1.000133244182455083e+00 3.565025501723234668e-04
2.459421691775405314e+06 1.000177821627858288e+00 3.564995001838905386e-04
2.459421693164316937e+06 9.999538594722794382e-01 3.564826475621914572e-04
2.459421694553228561e+06 9.991630554906234529e-01 3.563576468929410324e-04
2.459421695942140184e+06 1.000191823161640681e+00 3.565018938479020609e-04
2.459421697331051808e+06 1.000055280019518600e+00 3.565004846766797503e-04
2.459421698719962966e+06 9.998346492146934494e-01 3.564506968197202154e-04
2.459421700108874589e+06 1.001087001971410650e+00 3.566973864976434637e-04
2.459421701497786213e+06 9.999311903654483080e-01 3.564822035533683677e-04
2.459421702886697371e+06 1.000107348279485775e+00 3.565374687500345342e-04
2.459421704275608994e+06 9.996667112187560544e-01 3.564154994239484404e-04
2.459421705664520618e+06 9.999480786943678590e-01 3.564877246672433714e-04
2.459421707053432241e+06 1.000959964766465093e+00 3.566838424859975778e-04
2.459421708442343865e+06 1.000483941919781961e+00 3.566125253598702652e-04
2.459421709831255488e+06 1.000338858676617537e+00 3.565727506053964556e-04
2.459421711220166646e+06 1.000935452629440059e+00 3.566598787439030031e-04
2.459421712609078269e+06 1.000090924816257054e+00 3.565429311037594177e-04
2.459421713997989893e+06 9.997795389916747100e-01 3.564816823249138730e-04
2.459421715386901051e+06 1.000691958433375994e+00 3.566601874657938280e-04
2.459421716775812674e+06 1.000505698892324213e+00 3.566251651219435248e-04
2.459421718164724298e+06 1.000860804999520237e+00 3.566465841539450646e-04
2.459421719553635921e+06 1.000674776667735744e+00 3.566224828282028359e-04
2.459421720942547079e+06 1.000211299770070505e+00 3.565457684064159659e-04
2.459421722331458703e+06 9.998466701365887888e-01 3.565128388648749883e-04
2.459421723720370326e+06 1.000088306408010830e+00 3.565094801123337037e-04
2.459421725109281950e+06 1.000186695716166918e+00 3.565334153592575914e-04
2.459421726498193573e+06 1.000343516708538383e+00 3.565783282159003405e-04
2.459421727887104731e+06 9.997144818496396246e-01 3.565236870333707612e-04
2.459421729276016355e+06 9.989598182990040431e-01 3.563589986947465630e-04
2.459421730664927978e+06 9.996215700219120981e-01 3.565068355550209296e-04
2.459421732053839602e+06 1.000061121437716416e+00 3.565615179208521239e-04
2.459421733442750759e+06 1.000277344307173744e+00 3.565682923141916022e-04
2.459421734831662383e+06 1.000985773642782295e+00 3.567194185346684817e-04
2.459421736220574006e+06 1.000291673880385535e+00 3.565961605443955800e-04
2.459421737609485164e+06 1.000820040242491160e+00 3.566946661605097948e-04
2.459421738998396788e+06 1.000028402392809435e+00 3.565398428575184352e-04
2.459421740387308411e+06 9.999286433352929659e-01 3.565341874372440962e-04
2.459421741776220035e+06 1.000053775000066203e+00 3.565721330099409390e-04
2.459421743165131193e+06 1.000794845194271643e+00 3.567130907333789110e-04
2.459421744554042816e+06 1.000298879166346966e+00 3.566348327902597545e-04
2.459421745942954440e+06 1.000897214011585490e+00 3.567405232555111616e-04
2.459421747331865598e+06 9.998589207964622139e-01 3.565574648034691729e-04
2.459421748720777221e+06 1.001064409807960409e+00 3.567168719939878448e-04
2.459421750109688845e+06 1.000057773313873577e+00 3.565958710656640129e-04
2.459421751498600468e+06 9.999786046845827725e-01 3.565659376963421084e-04
2.459421752887511626e+06 1.000806375955439531e+00 3.567548560057496611e-04
2.459421754276423249e+06 1.000576284339070421e+00 3.566744848556068566e-04
2.459421755665334873e+06 1.000660115923566851e+00 3.567218878900885485e-04
2.459421757054246031e+06 1.000015101979652821e+00 3.566168480159325697e-04
2.459421758443157654e+06 1.000100787619372822e+00 3.566116762605581365e-04
2.459421759832068812e+06 9.999806609483643527e-01 3.566190093243153223e-04
2.459421761220980436e+06 9.994726594286216237e-01 3.565327590916544508e-04
2.459421762609892059e+06 1.000429268984715403e+00 3.566837653106685164e-04
2.459421763998803683e+06 1.000191608220495354e+00 3.566866400804037662e-04
2.459421765387714840e+06 1.000623329050743804e+00 3.567512487594438572e-04
2.459421766776626464e+06 9.999759429630507013e-01 3.566040535739177118e-04
2.459421768165538087e+06 1.000674455008024211e+00 3.567410055243022530e-04
2.459421769554449245e+06 9.999635201186409805e-01 3.566318418230700685e-04
2.459421770943360869e+06 9.995294975392524650e-01 3.565330486216282315e-04
2.459421772332272492e+06 1.000227101279618003e+00 3.566880678097821195e-04
2.459421773721184116e+06 9.998030284580323723e-01 3.566347556043249732e-04
2.459421775110095274e+06 9.992392617189890247e-01 3.565219111992012132e-04
2.459421776499006897e+06 1.000972499350037515e+00 3.567938196571445093e-04
2.459421777887918055e+06 1.000646704372463169e+00 3.567548560057496611e-04
2.459421779276829679e+06 1.000157343845030633e+00 3.566766072262938765e-04
2.459421780665741302e+06 9.998168572020114109e-01 3.566181409430571451e-04
2.459421782054652460e+06 9.999882283426577700e-01 3.566997788337221051e-04
2.459421783443564083e+06 9.992408420960920967e-01 3.565712452145996278e-04
2.459421784832475707e+06 1.000042834477489206e+00 3.567008592383047439e-04
2.459421786221387330e+06 9.998949304272211069e-01 3.566937400835606736e-04
2.459421787610298488e+06 9.996755656139492130e-01 3.566454071054098196e-04
2.459421788999210112e+06 1.000142336324647996e+00 3.567179909307683695e-04
2.459421790388121270e+06 9.999521211409265753e-01 3.567221772665578956e-04
2.459421791777032893e+06 9.998814831186707552e-01 3.566972900321424035e-04
2.459421793165944517e+06 1.000048684812757438e+00 3.567588683010391309e-04
2.459421794554855675e+06 1.000084419030780269e+00 3.567261320547790307e-04
2.459421795943767298e+06 1.000380075675800562e+00 3.567790062554035782e-04
2.459421797332678922e+06 9.997015438956466937e-01 3.566956694078249335e-04
2.459421798721590079e+06 1.000589066154595308e+00 3.567990852103792633e-04
2.459421800110501703e+06 9.992318289990418378e-01 3.566060412775309612e-04
2.459421801499412861e+06 1.000305814614707911e+00 3.567517310137359671e-04
2.459421802888324484e+06 9.997643818910898483e-01 3.567291029400180744e-04
2.459421804277236108e+06 1.000099573617944548e+00 3.567712135419882132e-04
2.459421805666147266e+06 1.000034014026455198e+00 3.567509786967556075e-04
2.459421807055058889e+06 9.997101300476782804e-01 3.567075924002621984e-04
2.459421808443970513e+06 1.000495073589380279e+00 3.568749545563537997e-04
2.459421809832881670e+06 1.000350184717989199e+00 3.567872231401415209e-04
2.459421811221793294e+06 1.000228936183735318e+00 3.567836162210823560e-04
2.459421812610704452e+06 1.000271811669678490e+00 3.568058550932146295e-04
2.459421813999616075e+06 9.998053700929337984e-01 3.567418543157912245e-04
2.459421815388527699e+06 1.000257675265424862e+00 3.568200309275077224e-04
2.459421816777438857e+06 1.000371438464474627e+00 3.568193751870522975e-04
2.459421818166350480e+06 1.000958072187037251e+00 3.569399725890323879e-04
2.459421819555261638e+06 1.000323418541674947e+00 3.568546677398023439e-04
2.459421820944173262e+06 1.000507083586382517e+00 3.569152162291625257e-04
2.459421822333084885e+06 1.000785521362755448e+00 3.569189953484195850e-04
2.459421823721996043e+06 9.995684224183200017e-01 3.567495512191497069e-04
2.459421825110907666e+06 1.000084641295818422e+00 3.568013225647863112e-04
2.459421826499818824e+06 1.000510063488911694e+00 3.569050933911525848e-04
2.459421827888730448e+06 1.000251891024905193e+00 3.568605880611396279e-04
2.459421829277642071e+06 1.000392785284649033e+00 3.568958186913427774e-04
2.459421830666553229e+06 1.000877275662304777e+00 3.569596569114356845e-04
2.459421832055464853e+06 9.996592451170871474e-01 3.567518274645161639e-04
2.459421833444376476e+06 9.996484977191240073e-01 3.567658704198238269e-04
2.459421834833287634e+06 9.998544343685085156e-01 3.567913122235294400e-04
2.459421836222198792e+06 9.997560753314830295e-01 3.568216124142365147e-04
2.459421837611110415e+06 1.000454086595510050e+00 3.569179348853199272e-04
2.459421839000022039e+06 1.000988746825349773e+00 3.569710891292888913e-04
2.459421840388933662e+06 1.000323704993500762e+00 3.568834584776718480e-04
2.459421841777844820e+06 9.995869085915717323e-01 3.567691881801880651e-04
2.459421843166756444e+06 1.000185013932535449e+00 3.568471659537721346e-04
2.459421844555667602e+06 9.998841748658052753e-01 3.568509843632832954e-04
2.459421845944578759e+06 1.000475189477740390e+00 3.569225044947583829e-04
2.459421847333490383e+06 9.999317011228336938e-01 3.568802574789169428e-04
2.459421848722402006e+06 9.999394703181774258e-01 3.568582353719125435e-04
2.459421850111313164e+06 1.000719226417544405e+00 3.569165659192049265e-04
2.459421851500224788e+06 9.994157113551549454e-01 3.567617038863612339e-04
2.459421852889136411e+06 1.000643338057410014e+00 3.569451974268567150e-04
2.459421854278047569e+06 1.000404397161514636e+00 3.569044570888869330e-04
2.459421855666958727e+06 9.998949581648491902e-01 3.568673760611552762e-04
2.459421857055870350e+06 9.997040911964935050e-01 3.567964235118630477e-04
2.459421858444781974e+06 1.000493890279229081e+00 3.569177806358792872e-04
2.459421859833693132e+06 1.000737142184751516e+00 3.569590978222512306e-04
2.459421861222604755e+06 1.000807404575645876e+00 3.569834655864685831e-04
2.459421862611516379e+06 9.997866484761158690e-01 3.567879946688960334e-04
2.459421864000427537e+06 1.000439101024035882e+00 3.568940832737578050e-04
2.459421865389339160e+06 1.000048335652020226e+00 3.568392783017219623e-04
2.459421866778250318e+06 9.993163540935008360e-01 3.567291801055387924e-04
2.459421868167161476e+06 9.995840640720784487e-01 3.567816295067755624e-04
2.459421869556073099e+06 1.000641993363178273e+00 3.569264377826135773e-04
2.459421870944984257e+06 1.000178798378913214e+00 3.568294618848769930e-04
2.459421872333895881e+06 1.000333199087363845e+00 3.568720041689572744e-04
2.459421873722807504e+06 9.994502591593952268e-01 3.567301060904851193e-04
2.459421875111718662e+06 9.997971243743242198e-01 3.567628805512048111e-04
2.459421876500630286e+06 1.001196816663046496e+00 3.569658068346704674e-04
2.459421877889541443e+06 1.000095021137772822e+00 3.567817452380094576e-04
2.459421879278453067e+06 1.000263617013369855e+00 3.568392783017219623e-04
2.459421880667364225e+06 9.998148912850520764e-01 3.567659475773920304e-04
2.459421882056275848e+06 9.999014600280083931e-01 3.567305112081433434e-04
2.459421883445187006e+06 1.000210025232841637e+00 3.567972721715172092e-04
2.459421884834098630e+06 1.000077533316722223e+00 3.567248395190615769e-04
2.459421886223009787e+06 9.997485336835926217e-01 3.567572479564503208e-04
2.459421887611921411e+06 9.995575960890390466e-01 3.566493048578233999e-04
2.459421889000832569e+06 9.991556213396073360e-01 3.565982254858635590e-04
2.459421890389744192e+06 9.998532314384822595e-01 3.566836881353227040e-04
2.459421891778655350e+06 1.000547965063693479e+00 3.568587560503730144e-04
2.459421893167566974e+06 9.999627389176651837e-01 3.566982739790285572e-04
2.459421894556478132e+06 9.999553073029956440e-01 3.567096952815328442e-04
2.459421895945389755e+06 1.000127469075702935e+00 3.567404460924439931e-04
2.459421897334301379e+06 9.998356705690171209e-01 3.566750636852284600e-04
2.459421898723212536e+06 1.000170623003486137e+00 3.566835723722727334e-04
2.459421900112123694e+06 1.000644933775535872e+00 3.568132998872952134e-04
2.459421901501035318e+06 9.992330785967862283e-01 3.565580438230589889e-04
2.459421902889946476e+06 1.000227909197287213e+00 3.566860419758576244e-04
2.459421904278858099e+06 9.999220794466562312e-01 3.566477997901577966e-04
2.459421905667769257e+06 9.985375178803358454e-01 3.563894128798017783e-04
2.459421907056680880e+06 9.985969243565050446e-01 3.563985269745633365e-04
2.459421908445592038e+06 9.981693949591033954e-01 3.563041114186028552e-04
2.459421909834503662e+06 9.982582252908926979e-01 3.563391460043182865e-04
2.459421911223414820e+06 9.972519921265223797e-01 3.561189928194488804e-04
2.459421912612325978e+06 9.972662648785219908e-01 3.561175821330722483e-04
2.459421914001237601e+06 9.970500716986506751e-01 3.560364099434293046e-04
2.459421915390148759e+06 9.963338314210994362e-01 3.559582738952868450e-04
2.459421916779060382e+06 9.971535348852885727e-01 3.560914930900310488e-04
2.459421918167971540e+06 9.964236542466202717e-01 3.559215196647463300e-04
2.459421919556883164e+06 9.952479183273342800e-01 3.557133738718985696e-04
2.459421920945794322e+06 9.951535443339759590e-01 3.556810831507825903e-04
2.459421922334705945e+06 9.950608165484493561e-01 3.556784517825013346e-04
2.459421923723617103e+06 9.953343018649194462e-01 3.557298566809493734e-04
2.459421925112528726e+06 9.958862009440194729e-01 3.558132456671490211e-04
2.459421926501439884e+06 9.957354888260826487e-01 3.557237821195347819e-04
2.459421927890351508e+06 9.951595537286539450e-01 3.556046881557498106e-04
2.459421929279262666e+06 9.960307867458075837e-01 3.557936526562553476e-04
2.459421930668174289e+06 9.959516792970156684e-01 3.557492984493430778e-04
2.459421932057085447e+06 9.963017606619903876e-01 3.557808479536326424e-04
2.459421933445997071e+06 9.955575041723353502e-01 3.556640756547248912e-04
2.459421934834908228e+06 9.950347963887914426e-01 3.555587039248016539e-04
2.459421936223819852e+06 9.952270409240259186e-01 3.555939087160328907e-04
2.459421937612731010e+06 9.949540294732193146e-01 3.555034995099383638e-04
2.459421939001642168e+06 9.955554734424407748e-01 3.556520015802874172e-04
2.459421940390553791e+06 9.951544788406899711e-01 3.555646264699955077e-04
2.459421941779464949e+06 9.948273601522524823e-01 3.555117265178149620e-04
2.459421943168376572e+06 9.952596284789319014e-01 3.555476908252159368e-04
2.459421944557287730e+06 9.958519862277313006e-01 3.556606314893793357e-04
2.459421945946199354e+06 9.950593163716006107e-01 3.554777719437454014e-04
2.459421947335110512e+06 9.948266067982141081e-01 3.554671628941871156e-04
2.459421948724021669e+06 9.952861159604291519e-01 3.555215986759671719e-04
2.459421950112933293e+06 9.949489111470808389e-01 3.554415682267397640e-04
2.459421951501844451e+06 9.952234955426539909e-01 3.554909360176054648e-04
2.459421952890756074e+06 9.954405395651787503e-01 3.555492779713261670e-04
2.459421954279667232e+06 9.952809560973200353e-01 3.554944205437955153e-04
2.459421955668578390e+06 9.948724785715278296e-01 3.553776122229393192e-04
2.459421957057490014e+06 9.951863702367871323e-01 3.554713446011610275e-04
2.459421958446401171e+06 9.947314992819790147e-01 3.553584987038249893e-04
2.459421959835312795e+06 9.945524119827703347e-01 3.553434705342633972e-04
2.459421961224223953e+06 9.943474366684356136e-01 3.552865475158044632e-04
2.459421962613135111e+06 9.954866336316641195e-01 3.555041963932801413e-04
2.459421964002046734e+06 9.950965892002324731e-01 3.553908961909849995e-04
2.459421965390957892e+06 9.951656785406204353e-01 3.554188761027922872e-04
2.459421966779869050e+06 9.948303155780529039e-01 3.553324507637790918e-04
2.459421968168780673e+06 9.955002377181012552e-01 3.554467570072031095e-04
2.459421969557691831e+06 9.945482965581822210e-01 3.552843199921405684e-04
2.459421970946603455e+06 9.953863285180268861e-01 3.553987578973677366e-04
2.459421972335514612e+06 9.938879692679786215e-01 3.551452173693868289e-04
2.459421973724426236e+06 9.952329755484351503e-01 3.553789483879583877e-04
2.459421975113337394e+06 9.945282427777043521e-01 3.552175265338128178e-04
2.459421976502248552e+06 9.947646630569155768e-01 3.552837582665768811e-04
2.459421977891160175e+06 9.943903041172110768e-01 3.552159572789585556e-04
2.459421979280071333e+06 9.945027294055225342e-01 3.552474960337202790e-04
2.459421980668982957e+06 9.944936950373426399e-01 3.552169647026246369e-04
2.459421982057894114e+06 9.946736120070168718e-01 3.552696179856797902e-04
2.459421983446805272e+06 9.947410041504441969e-01 3.552950119783623048e-04
2.459421984835716896e+06 9.942803706794780538e-01 3.551700971032026245e-04
2.459421986224628054e+06 9.951508004064956170e-01 3.553621007222097241e-04
2.459421987613539211e+06 9.944866706927057987e-01 3.552229123187345913e-04
2.459421989002450835e+06 9.942944141792152690e-01 3.551913132563876076e-04
2.459421990391361993e+06 9.945227696511144133e-01 3.552308164883131569e-04
2.459421991780273151e+06 9.946504365895409983e-01 3.552355627801400046e-04
2.459421993169184774e+06 9.947966320933632201e-01 3.552900340465458781e-04
2.459421994558095932e+06 9.951135778658573017e-01 3.552859470542787468e-04
2.459421995947007556e+06 9.945865389571698634e-01 3.552299640863290902e-04
2.459421997335918713e+06 9.943434730654781006e-01 3.551701358553226271e-04
2.459421998724829871e+06 9.950364217788901788e-01 3.552620439873294188e-04
2.459422000113741495e+06 9.950932367060458805e-01 3.553003965887287794e-04
2.459422001502652653e+06 9.951351507659408346e-01 3.553520498377761268e-04
2.459422002891563810e+06 9.952671377668754760e-01 3.553728290982847765e-04
2.459422004280475434e+06 9.948206549261987552e-01 3.552824604834300373e-04
2.459422005669386592e+06 9.944843047214936282e-01 3.552463337214467783e-04
2.459422007058297750e+06 9.949250615507438944e-01 3.552849785658083906e-04
2.459422008447209373e+06 9.946312221547380927e-01 3.551912357567643523e-04
2.459422009836120531e+06 9.941984988626408892e-01 3.551886976347579474e-04
2.459422011225031689e+06 9.943972279643995549e-01 3.551730616281726402e-04
2.459422012613943312e+06 9.947361504936080845e-01 3.552357565049899684e-04
2.459422014002854470e+06 9.939710016307042872e-01 3.551259750715760792e-04
2.459422015391765628e+06 9.951514320165267824e-01 3.553317148091123629e-04
2.459422016780677252e+06 9.948460020746853205e-01 3.552940822532029775e-04
2.459422018169588409e+06 9.943565169234483969e-01 3.552240165882889693e-04
2.459422019558499567e+06 9.946179351720955131e-01 3.552767463072162399e-04
2.459422020947410725e+06 9.943610581879204213e-01 3.552217886725063368e-04
2.459422022336322349e+06 9.949716332107003680e-01 3.553236192071733824e-04
2.459422023725233506e+06 9.944562198903912353e-01 3.552119856770556802e-04
2.459422025114145130e+06 9.952977453024766108e-01 3.553863262521746516e-04
2.459422026503056288e+06 9.946422556687274374e-01 3.553037280334162776e-04
2.459422027891967446e+06 9.946061857336924161e-01 3.552802329341414036e-04
2.459422029280878603e+06 9.949161417376595207e-01 3.553955435261192891e-04
2.459422030669790227e+06 9.951158204536516561e-01 3.553864037092541932e-04
2.459422032058701385e+06 9.945668754448465654e-01 3.553058779607877709e-04
2.459422033447612543e+06 9.942704686411697468e-01 3.552462562338266710e-04
2.459422034836524166e+06 9.946151243550904741e-01 3.552960385470661548e-04
2.459422036225435324e+06 9.949780025566759001e-01 3.553725386230541564e-04
2.459422037614346482e+06 9.933961716350778737e-01 3.551581806257432072e-04
2.459422039003258105e+06 9.942197628330645687e-01 3.552748092774724422e-04
2.459422040392169263e+06 9.944293289871786179e-01 3.552968326830853603e-04
2.459422041781080421e+06 9.950561433945780410e-01 3.553970926243260955e-04
2.459422043169991579e+06 9.947349763146672297e-01 3.553543544009437043e-04
2.459422044558903202e+06 9.950414800310508623e-01 3.554237941434083706e-04
2.459422045947814360e+06 9.947368713292705777e-01 3.553533086346358986e-04
2.459422047336725518e+06 9.948433744759771491e-01 3.553904120900802915e-04
2.459422048725637142e+06 9.945279520880354607e-01 3.553850288435821451e-04
2.459422050114548299e+06 9.947751467509720058e-01 3.553669614525821257e-04
2.459422051503459457e+06 9.951021980086851570e-01 3.554787979846663016e-04
2.459422052892371081e+06 9.947460465150101960e-01 3.553955435261192891e-04
2.459422054281282239e+06 9.945835231173787427e-01 3.554266597419957299e-04
2.459422055670193397e+06 9.938514314927326954e-01 3.552812789155466804e-04
2.459422057059104554e+06 9.945853800162316460e-01 3.554238715923226772e-04
2.459422058448015712e+06 9.940942513972578221e-01 3.553394422570900881e-04
2.459422059836927336e+06 9.950074928743145586e-01 3.554752358676305560e-04
2.459422061225838494e+06 9.938109489117106232e-01 3.553339033014112579e-04
2.459422062614750117e+06 9.943135181064661765e-01 3.553927551323312868e-04
2.459422064003661275e+06 9.947887669227761798e-01 3.554961240775021919e-04
2.459422065392572433e+06 9.936821342138850710e-01 3.553349878589713920e-04
2.459422066781483591e+06 9.952058726462092997e-01 3.555530909641226164e-04
2.459422068170394748e+06 9.947516807958242113e-01 3.555059385956580017e-04
2.459422069559306372e+06 9.949162043324527582e-01 3.555204372598246053e-04
2.459422070948217530e+06 9.946964297162714796e-01 3.554954465366647921e-04
2.459422072337128688e+06 9.945038845698338514e-01 3.554628262572162036e-04
2.459422073726039845e+06 9.941310424868440299e-01 3.554116731803288933e-04
2.459422075114951469e+06 9.948891992472307377e-01 3.555290703624335892e-04
2.459422076503862627e+06 9.949568234020991220e-01 3.555492779713261670e-04
2.459422077892773785e+06 9.945890134487392897e-01 3.554790302954069872e-04
2.459422079281684943e+06 9.943329829403729780e-01 3.554787979846663016e-04
2.459422080670596100e+06 9.947899838243446924e-01 3.555137977580336874e-04
2.459422082059507724e+06 9.947090062918875208e-01 3.555689231567238156e-04
2.459422083448418882e+06 9.952983072444102630e-01 3.556110550321730807e-04
2.459422084837330505e+06 9.948252263712265009e-01 3.555487553752185569e-04
2.459422086226241663e+06 9.947183428254264825e-01 3.555562071359924764e-04
2.459422087615152821e+06 9.947589118611005476e-01 3.555797807688364297e-04
2.459422089004063979e+06 9.942170632373765748e-01 3.555017960115741844e-04
2.459422090392975137e+06 9.947190974822114340e-01 3.555455423600483908e-04
2.459422091781886760e+06 9.952443378659748818e-01 3.556558521709786620e-04
2.459422093170797918e+06 9.950530467453702066e-01 3.556180991030498048e-04
2.459422094559709076e+06 9.953807684173459069e-01 3.557151150497782355e-04
2.459422095948620234e+06 9.952827814251761218e-01 3.556820892570395991e-04
2.459422097337531392e+06 9.952849550555505909e-01 3.556879323563500415e-04
2.459422098726443015e+06 9.953313357135950001e-01 3.557394906452569436e-04
2.459422100115354173e+06 9.949141810497316163e-01 3.556031399618822162e-04
2.459422101504265331e+06 9.955139199057304600e-01 3.557688165291200471e-04
2.459422102893176489e+06 9.958855253420313414e-01 3.557963992242848899e-04
2.459422104282088112e+06 9.954989573312235107e-01 3.557716213187924283e-04
2.459422105670999270e+06 9.963047222431565819e-01 3.559181166613278858e-04
2.459422107059910428e+06 9.940793878370723924e-01 3.555073517090934047e-04
2.459422108448821586e+06 9.955028507448865360e-01 3.557952580471851868e-04
2.459422109837732743e+06 9.962911398058243995e-01 3.559508498852631910e-04
2.459422111226643901e+06 9.946127961707552645e-01 3.556607475853836736e-04
2.459422112615555059e+06 9.950172270193995416e-01 3.557311915228999425e-04
2.459422114004466683e+06 9.943763508766032544e-01 3.556238464970740490e-04
2.459422115393377841e+06 9.955285842464451918e-01 3.558142707406838651e-04
2.459422116782288998e+06 9.953198998277179577e-01 3.557710023326283457e-04
2.459422118171200156e+06 9.949256377592551326e-01 3.557413864549000579e-04
2.459422119560111314e+06 9.958567661824050399e-01 3.558539175454244552e-04
2.459422120949022938e+06 9.962983077933271758e-01 3.559664130616777304e-04
2.459422122337934095e+06 9.959028663094365852e-01 3.558851870554634159e-04
2.459422123726845253e+06 9.953348592058282041e-01 3.558666035900673427e-04
2.459422125115756411e+06 9.955771346981737713e-01 3.558602799627586487e-04
2.459422126504668035e+06 9.961994274488222834e-01 3.559729667919937649e-04
2.459422127893578727e+06 9.960214761979238052e-01 3.559758859663605165e-04
2.459422129282490350e+06 9.956812191036530368e-01 3.558960543555924239e-04
2.459422130671401508e+06 9.964205078317049935e-01 3.560575358207077458e-04
2.459422132060312666e+06 9.960439821517006465e-01 3.559746293710576610e-04
2.459422133449223824e+06 9.957188632926278204e-01 3.558984714146027207e-04
2.459422134838134982e+06 9.968790324581533469e-01 3.561319206302318617e-04
2.459422136227046605e+06 9.963786169626932532e-01 3.560302053076652555e-04
2.459422137615957763e+06 9.967323371020642142e-01 3.561200363372824928e-04
2.459422139004868921e+06 9.967666340478650300e-01 3.561330414048749851e-04
2.459422140393780079e+06 9.961987881106411091e-01 3.559927819093309728e-04
2.459422141782691237e+06 9.969370643231274531e-01 3.561379495833185208e-04
2.459422143171602394e+06 9.978584805453675211e-01 3.562896060145076494e-04
2.459422144560513552e+06 9.977974053160765244e-01 3.563237536144495143e-04
2.459422145949425176e+06 9.977180177197850774e-01 3.562956322993668531e-04
2.459422147338336334e+06 9.978956747547976791e-01 3.562880994273664201e-04
2.459422148727247491e+06 9.987170080032312658e-01 3.564493646721939740e-04
2.459422150116158649e+06 9.989250726670133584e-01 3.564988631576958863e-04
2.459422151505069807e+06 9.997494484070005294e-01 3.566457737275012833e-04
2.459422152893980965e+06 9.998276851494249939e-01 3.566335785167503184e-04
2.459422154282892123e+06 1.000073157526157663e+00 3.567098496209542414e-04
2.459422155671803746e+06 1.000348673565536695e+00 3.567128592263251493e-04
2.459422157060714904e+06 1.000143338235274904e+00 3.567225438097487147e-04
2.459422158449626062e+06 9.995818588058010823e-01 3.566049798837762279e-04
2.459422159838537220e+06 1.000637947104774605e+00 3.567899041953889066e-04
2.459422161227448378e+06 1.000250613891631168e+00 3.567367036636553057e-04
2.459422162616359536e+06 9.989159886201626204e-01 3.565044033171087148e-04
2.459422164005270693e+06 1.000624729250601863e+00 3.567736053830214979e-04
2.459422165394181851e+06 1.000665167628336016e+00 3.567922380472239498e-04
2.459422166783093009e+06 1.000211866348022394e+00 3.567293730192674581e-04
2.459422168172004633e+06 1.000251130239996566e+00 3.567178751788503905e-04
2.459422169560915790e+06 1.000014860807371120e+00 3.566774947593816985e-04
2.459422170949826948e+06 1.000023934230707123e+00 3.567019589324658350e-04
2.459422172338738106e+06 1.000386429835109725e+00 3.567370701919204013e-04
2.459422173727649264e+06 1.000161201900159780e+00 3.566931226975920987e-04
2.459422175116560422e+06 1.000039017640190986e+00 3.567308005776174723e-04
2.459422176505471580e+06 9.993002329508416937e-01 3.565764368560249290e-04
2.459422177894383203e+06 1.000766810583181288e+00 3.567885540261997814e-04
2.459422179283293895e+06 1.000631073915911662e+00 3.567924116388992181e-04
2.459422180672205519e+06 9.990447690420665161e-01 3.564863926580858844e-04
2.459422182061116677e+06 1.000082364215488351e+00 3.566601488755720981e-04
2.459422183450027835e+06 1.000363914760940887e+00 3.567153672114042580e-04
2.459422184838938992e+06 1.000402926604559095e+00 3.567178751788503905e-04
2.459422186227850150e+06 1.000153702252841503e+00 3.566695454712928595e-04
2.459422187616761308e+06 9.997405893660006315e-01 3.565497830545920387e-04
2.459422189005672466e+06 1.000207045340731904e+00 3.566648954415185401e-04
2.459422190394583624e+06 9.999489181838646656e-01 3.565933622401471588e-04
2.459422191783494782e+06 9.998550303615414414e-01 3.566194145681788534e-04
2.459422193172406405e+06 1.000637526014196421e+00 3.567092129704103800e-04
2.459422194561317097e+06 9.989380822239138924e-01 3.564519131239830894e-04
2.459422195950228721e+06 9.999609586175206566e-01 3.566033588399448334e-04
2.459422197339139879e+06 1.000396823365471866e+00 3.566548812711200210e-04
2.459422198728051037e+06 9.997306854191274628e-01 3.565567892794260026e-04
2.459422200116962194e+06 9.995722433071785318e-01 3.565082640044729147e-04
2.459422201505873352e+06 9.999383191727794218e-01 3.565967973967777704e-04
2.459422202894784510e+06 1.000123649758346778e+00 3.565758192669540622e-04
2.459422204283695668e+06 1.000333734296677157e+00 3.566524500428249465e-04
2.459422205672606826e+06 9.998251100253048307e-01 3.565283389048592533e-04
2.459422207061517984e+06 9.999087807608937339e-01 3.565372564307090018e-04
2.459422208450429142e+06 9.996869593776217533e-01 3.565057931693761152e-04
2.459422209839340299e+06 9.998079957635703785e-01 3.565066039140299273e-04
2.459422211228251457e+06 9.999020405864418315e-01 3.565410588576685088e-04
2.459422212617162615e+06 1.000168899868168371e+00 3.565906025116915797e-04
2.459422214006073773e+06 1.000941185947871626e+00 3.566754688654047629e-04
2.459422215394985396e+06 9.998806570066027799e-01 3.564894620630127244e-04
2.459422216783896089e+06 1.000218449734525006e+00 3.565414255870585285e-04
2.459422218172807246e+06 1.000042090702014663e+00 3.564677440072635812e-04
2.459422219561718870e+06 1.000143612560135065e+00 3.564946548954483151e-04
2.459422220950629562e+06 9.995764851829890274e-01 3.563998206937005805e-04
2.459422222339541186e+06 1.000435045569703973e+00 3.565375459570307016e-04
2.459422223728452343e+06 9.994611360148158985e-01 3.563551363902688562e-04
2.459422225117363501e+06 9.999843897847413565e-01 3.564604657494601161e-04
2.459422226506274659e+06 9.996147796181924505e-01 3.563655065830997762e-04
2.459422227895185817e+06 9.999345530704801810e-01 3.564331661322017665e-04
2.459422229284096975e+06 1.000845528440359455e+00 3.565609968083410168e-04
2.459422230673008133e+06 9.997952774945266796e-01 3.563816695780302438e-04
2.459422232061919291e+06 1.000348628990746169e+00 3.564297873212968746e-04
2.459422233450830448e+06 1.000069150890643632e+00 3.564484379579350407e-04
2.459422234839741606e+06 1.000497295547588594e+00 3.564615854911025688e-04
2.459422236228652764e+06 1.000261326520435423e+00 3.564322586832761397e-04
2.459422237617563922e+06 1.000274893396952747e+00 3.564023308816159099e-04
2.459422239006475080e+06 9.999188161564664945e-01 3.563711839910072379e-04
2.459422240395386238e+06 1.000289459255441882e+00 3.564014812815315602e-04
2.459422241784297395e+06 1.000767692076985016e+00 3.564619909139333468e-04
2.459422243173208553e+06 9.998416313900118091e-01 3.563088047850899737e-04
2.459422244562119711e+06 1.000349420178772597e+00 3.563812254434006168e-04
2.459422245951030869e+06 1.000055223481175704e+00 3.563325410702831986e-04
2.459422247339942027e+06 1.000083185453521262e+00 3.563229810804965274e-04
2.459422248728853185e+06 1.000182984522902885e+00 3.563580910569570377e-04
2.459422250117764343e+06 9.999068437469652570e-01 3.562955164102346323e-04
2.459422251506675500e+06 1.000538118688354849e+00 3.563603698027681703e-04
2.459422252895586658e+06 9.996217684061390329e-01 3.562020395477069222e-04
2.459422254284497816e+06 1.000369691673465233e+00 3.563386631916504567e-04
2.459422255673408974e+06 1.000298303493147412e+00 3.563158157482708053e-04
2.459422257062320132e+06 9.995893940446510806e-01 3.561951036262987996e-04
2.459422258451231290e+06 1.000059009107756358e+00 3.562761237645314352e-04
2.459422259840142448e+06 9.997183058124736732e-01 3.562014599494181251e-04
2.459422261229053605e+06 1.000848542114086026e+00 3.564042424744007990e-04
2.459422262617964763e+06 1.000609158024844625e+00 3.563464846763298929e-04
2.459422264006875921e+06 1.000242972461030444e+00 3.562761237645314352e-04
2.459422265395787079e+06 1.000304768912502640e+00 3.562512826384494572e-04
2.459422266784698237e+06 9.994631199645991337e-01 3.561475531856332232e-04
2.459422268173609395e+06 9.996871947812406844e-01 3.561919930438619901e-04
2.459422269562520552e+06 9.994141422733691105e-01 3.561475531856332232e-04
2.459422270951431710e+06 9.998924920208247524e-01 3.561735994794410702e-04
2.459422272340342868e+06 1.000311418241476291e+00 3.562357705435749032e-04
2.459422273729254026e+06 9.991366604998477285e-01 3.560520273641850134e-04
2.459422275118164718e+06 9.998972462327135879e-01 3.561771546121633518e-04
2.459422276507076342e+06 1.000237296986621560e+00 3.562607672852480408e-04
2.459422277895987034e+06 1.000707188217385468e+00 3.562630273369464550e-04
2.459422279284898657e+06 1.000626949206363969e+00 3.562860713192314284e-04
2.459422280673809350e+06 9.999128310526468333e-01 3.561459300597656251e-04
2.459422282062720973e+06 9.996656595761167496e-01 3.561054268093446010e-04
2.459422283451631665e+06 1.000012700292981060e+00 3.561604799597402511e-04
2.459422284840542823e+06 1.000092784314575489e+00 3.561957991565437975e-04
2.459422286229453981e+06 1.000097894089366779e+00 3.561567507591595350e-04
2.459422287618365139e+06 1.000350714635225513e+00 3.562283136797435214e-04
2.459422289007276297e+06 9.990669991396192717e-01 3.559916026990677914e-04
2.459422290396187454e+06 1.000141656694545800e+00 3.561550890302624182e-04
2.459422291785098612e+06 1.000637925332622746e+00 3.562458158128487418e-04
2.459422293174009770e+06 9.995180746761600510e-01 3.560667743740114632e-04
2.459422294562920928e+06 1.000439155408898051e+00 3.562194463768362227e-04
2.459422295951832086e+06 9.999089360740506249e-01 3.561245775366912486e-04
2.459422297340743244e+06 1.000608252365166262e+00 3.562660793498198400e-04
2.459422298729654402e+06 9.999218053887796165e-01 3.561451184940578134e-04
2.459422300118565559e+06 1.000058918009437914e+00 3.561332539651852129e-04
2.459422301507476717e+06 1.000510275428158069e+00 3.562333750913823410e-04
2.459422302896387875e+06 9.995315499820874861e-01 3.560772689251382340e-04
2.459422304285299033e+06 9.996285343480842966e-01 3.560568593481810420e-04
2.459422305674209725e+06 1.000622570871256389e+00 3.562670838040344137e-04
2.459422307063120883e+06 9.996333449914868163e-01 3.560654794447922172e-04
2.459422308452032041e+06 9.999601351771145730e-01 3.561026246488418340e-04
2.459422309840943199e+06 9.996508433893424028e-01 3.560859851588088769e-04
2.459422311229854356e+06 1.000051458410623262e+00 3.561068375438734704e-04
2.459422312618765514e+06 1.000369300391921401e+00 3.562077775198825027e-04
2.459422314007676672e+06 1.000404517373114865e+00 3.562132062906180237e-04
2.459422315396587830e+06 9.997731136414506059e-01 3.560944885958064964e-04
2.459422316785498988e+06 9.998303248216405814e-01 3.561191087660258185e-04
2.459422318174410146e+06 1.000080977766421686e+00 3.561685372183477920e-04
2.459422319563320838e+06 1.000511731769524015e+00 3.562130130973497288e-04
2.459422320952232461e+06 1.000482836282050592e+00 3.562207793841805944e-04
2.459422322341143154e+06 1.000093694693760860e+00 3.561671460500242408e-04
2.459422323730054311e+06 9.998375903479217452e-01 3.561110117393361126e-04
2.459422325118965469e+06 1.000365872019728819e+00 3.561949104232119698e-04
2.459422326507876627e+06 1.000352082392976349e+00 3.561982141815718452e-04
2.459422327896787785e+06 9.998195586632255827e-01 3.561184710593853948e-04
2.459422329285698943e+06 1.000470479980549277e+00 3.562219578357945561e-04
2.459422330674610101e+06 1.000171175560237602e+00 3.561690975484985058e-04
2.459422332063520793e+06 1.000050170310780251e+00 3.561767102225136530e-04
2.459422333452432416e+06 1.000080474107027717e+00 3.561827963803838111e-04
2.459422334841343109e+06 1.000361941111942210e+00 3.562129744586835147e-04
2.459422336230254266e+06 1.000333726750018082e+00 3.562215135020372681e-04
2.459422337619165424e+06 9.997860416680488527e-01 3.560993006781367062e-04
2.459422339008076582e+06 1.000101496165215709e+00 3.561442682803803573e-04
2.459422340396987740e+06 9.999029588043962802e-01 3.561691748353467595e-04
2.459422341785898898e+06 1.000308553745723694e+00 3.561993540676968968e-04
2.459422343174810056e+06 9.995367553807912309e-01 3.560728624109546362e-04
2.459422344563720748e+06 9.999812973287385276e-01 3.561385486083395134e-04
2.459422345952632371e+06 9.992339429137842011e-01 3.560624836949667095e-04
2.459422347341543064e+06 9.998569856830453739e-01 3.561680928179461686e-04
2.459422348730454221e+06 1.000396092742811271e+00 3.562429374857987302e-04
2.459422350119365379e+06 9.995733725259222657e-01 3.560765924901004766e-04
2.459422351508276537e+06 9.990951093184005094e-01 3.560565694309904728e-04
2.459422352897187695e+06 1.000057650932571374e+00 3.561954320713059396e-04
2.459422354286098387e+06 9.999528161619851696e-01 3.562132062906180237e-04
2.459422355675009545e+06 9.998962127411179512e-01 3.561733096572743703e-04
2.459422357063920703e+06 1.000074556498857126e+00 3.561689816181948460e-04
2.459422358452831861e+06 1.000342372793732393e+00 3.562575606915699563e-04
2.459422359841743018e+06 1.000940950655958783e+00 3.563322127516546211e-04
2.459422361230654176e+06 9.999128637034129241e-01 3.561805551406936631e-04
2.459422362619565334e+06 9.997757474556321355e-01 3.561453310471600483e-04
2.459422364008476026e+06 9.996064613024313594e-01 3.561393988356715201e-04
2.459422365397387184e+06 1.000343412137440158e+00 3.562680496227239239e-04
2.459422366786298342e+06 1.000649773001249354e+00 3.562970615955650140e-04
2.459422368175209500e+06 1.000716852542936408e+00 3.563302814594808019e-04
2.459422369564120658e+06 1.000112416933635284e+00 3.562169349001711874e-04
2.459422370953031816e+06 9.996173029472251725e-01 3.561491763041035809e-04
2.459422372341942508e+06 1.000390879136417110e+00 3.562742887483700605e-04
2.459422373730853666e+06 9.991565277072359530e-01 3.560419572988045463e-04
2.459422375119764823e+06 1.000248177922007375e+00 3.562643601812273079e-04
2.459422376508675981e+06 1.000098979859411541e+00 3.562214362265446769e-04
2.459422377897587139e+06 1.000554568084965457e+00 3.563133435786523741e-04
2.459422379286497831e+06 9.999329040936155710e-01 3.562157950703045192e-04
2.459422380675409455e+06 9.996258293402351391e-01 3.562051114028929417e-04
2.459422382064320147e+06 9.997082586239951496e-01 3.562234260651379446e-04
2.459422383453231305e+06 9.996999718704598914e-01 3.562027543842976674e-04
2.459422384842142463e+06 1.000047914401854143e+00 3.562369103095272571e-04
2.459422386231053155e+06 9.996514472173804178e-01 3.562130130973497288e-04
2.459422387619964778e+06 1.000370212524089419e+00 3.563446113981031814e-04
2.459422389008875471e+06 1.000716263225907676e+00 3.563621464419354425e-04
2.459422390397786628e+06 1.000052519457452105e+00 3.563083605596350503e-04
2.459422391786697786e+06 1.000035586459505410e+00 3.562468782766886849e-04
2.459422393175608944e+06 1.000153732608143109e+00 3.563176312369111952e-04
2.459422394564519636e+06 1.000215901826937870e+00 3.563188866225826430e-04
2.459422395953430794e+06 1.000005839867551316e+00 3.563058497096953576e-04
2.459422397342341952e+06 1.000255595283691790e+00 3.563459825614825253e-04
2.459422398731253110e+06 9.999682567413985534e-01 3.562722219293760063e-04
2.459422400120164268e+06 9.989177957011594611e-01 3.561007694132044092e-04
2.459422401509074960e+06 1.000637595289460391e+00 3.564152484152268742e-04
2.459422402897986118e+06 1.000564218188875643e+00 3.564179708849983595e-04
2.459422404286897276e+06 1.000238453650642789e+00 3.563537266387064076e-04
2.459422405675808433e+06 1.000797271484148210e+00 3.564143602291005024e-04
2.459422407064719591e+06 9.997401226079835057e-01 3.562705607390633119e-04
2.459422408453630283e+06 1.000070991416948774e+00 3.563657962489581873e-04
2.459422409842541441e+06 1.000309068866818807e+00 3.564165999985638238e-04
2.459422411231452599e+06 1.000743217912739569e+00 3.564588440484315517e-04
2.459422412620363757e+06 1.000048080968273911e+00 3.563312471068761809e-04
2.459422414009274449e+06 9.991094315003999915e-01 3.562389773333915033e-04
2.459422415398185607e+06 9.999843632884832800e-01 3.563403626893400073e-04
2.459422416787096765e+06 1.000649934853895084e+00 3.564694042786785595e-04
2.459422418176007923e+06 1.000160521062936736e+00 3.563666459341178214e-04
2.459422419564919081e+06 9.992387490520602267e-01 3.562396534600896438e-04
2.459422420953829773e+06 9.988836624064295622e-01 3.561738313370046548e-04
2.459422422342740931e+06 9.996626847444910480e-01 3.563156419244051850e-04
2.459422423731652088e+06 1.000701136075653475e+00 3.564734970077452353e-04
2.459422425120563246e+06 9.998423681146691999e-01 3.563499608366381172e-04
2.459422426509473938e+06 1.000267469741734416e+00 3.564305982388351257e-04
2.459422427898385096e+06 9.998258464397092871e-01 3.563621464419354425e-04
2.459422429287296254e+06 9.994119130046253963e-01 3.562776497181416508e-04
2.459422430676206946e+06 9.994952138727222213e-01 3.563375237511605246e-04
2.459422432065118104e+06 9.998552936366804644e-01 3.563625906003433578e-04
2.459422433454029262e+06 1.000753033883821530e+00 3.565208881602834729e-04
2.459422434842940420e+06 1.000189156239536636e+00 3.564450206782823218e-04
2.459422436231851112e+06 9.996930719268691812e-01 3.563583807288431791e-04
2.459422437620762270e+06 1.000213021985026485e+00 3.564393251393891066e-04
2.459422439009673428e+06 1.000976156046488486e+00 3.565856619654487396e-04
2.459422440398584120e+06 9.998672355730210404e-01 3.564148043224402954e-04
2.459422441787495743e+06 9.999646234817305412e-01 3.564280496346451318e-04
2.459422443176406436e+06 9.999614282321388492e-01 3.564482641987433268e-04
2.459440323890492320e+06 1.000457476600572271e+00 3.564536120817202256e-04
2.459440325279380195e+06 1.000430156271405746e+00 3.564259064761072333e-04
2.459440326668268535e+06 1.000077953328329938e+00 3.563699287895639111e-04
2.459440328057156410e+06 1.000179919807176132e+00 3.563972718694197140e-04
2.459440329446044285e+06 1.000363865736915603e+00 3.564200754750381449e-04
2.459440330834932625e+06 1.000108071570304347e+00 3.563467550455700185e-04
2.459440332223820500e+06 1.000512715003071262e+00 3.564254623966002337e-04
2.459440333612708841e+06 1.000286959037524959e+00 3.563818819900488278e-04
2.459440335001596715e+06 9.996109024264347998e-01 3.562312693983293670e-04
2.459440336390485056e+06 9.998532734173214420e-01 3.563027207796228544e-04
2.459440337779372931e+06 1.000118798959659383e+00 3.563056951952750019e-04
2.459440339168260805e+06 9.997929872406571272e-01 3.562489838774816919e-04
2.459440340557148680e+06 1.000682038466944812e+00 3.564040686936622475e-04
2.459440341946037021e+06 1.000384899011561357e+00 3.563131311257754143e-04
2.459440343334924895e+06 1.000052422362471827e+00 3.562546438252647699e-04
2.459440344723812770e+06 9.997717957694847168e-01 3.562058069135967675e-04
2.459440346112701111e+06 9.998703211469880392e-01 3.562187508927633296e-04
2.459440347501588985e+06 1.000170214538342650e+00 3.562633943525358158e-04
2.459440348890477326e+06 1.000422961785963683e+00 3.562779394554306078e-04
2.459440350279365201e+06 1.000281958824390305e+00 3.562734002108325685e-04
2.459440351668253075e+06 1.000049398777145493e+00 3.562072945291543612e-04
2.459440353057141416e+06 1.000971678888270766e+00 3.563652748502435649e-04
2.459440354446029291e+06 1.000329939638224364e+00 3.562173406014470384e-04
2.459440355834917165e+06 1.000834696339192087e+00 3.563220926643799209e-04
2.459440357223805040e+06 1.000499503268085233e+00 3.562478827850413762e-04
2.459440358612693381e+06 1.001909828928067236e+00 3.565004460691705793e-04
2.459440360001581255e+06 9.999059138645312039e-01 3.561872015345365059e-04
2.459440361390469130e+06 1.000095626587572895e+00 3.561934420763270795e-04
2.459440362779357471e+06 9.995344297428468971e-01 3.561305679664825141e-04
2.459440364168245345e+06 9.999925541147951513e-01 3.561573497525585786e-04
2.459440365557133686e+06 9.993596476091346492e-01 3.560472532995968072e-04
2.459440366946021561e+06 9.989447665489145090e-01 3.560383814872958362e-04
2.459440368334909435e+06 1.000402499618816110e+00 3.562219191980985945e-04
2.459440369723797310e+06 1.000535348521968126e+00 3.562400977712211502e-04
2.459440371112685651e+06 1.000045279263135134e+00 3.561365389720310749e-04
2.459440372501573525e+06 1.000279126495629001e+00 3.561832407624401374e-04
2.459440373890461400e+06 1.000589777087127041e+00 3.562509156103825015e-04
2.459440375279349741e+06 1.000357860746524663e+00 3.561880902871029475e-04
2.459440376668237615e+06 9.996692015806818432e-01 3.560843230996718557e-04
2.459440378057125490e+06 1.000366752506116841e+00 3.561938478043609859e-04
2.459440379446013365e+06 9.997730769469742595e-01 3.561062384655096767e-04
2.459440380834901705e+06 1.000162933422486633e+00 3.561256790103747242e-04
2.459440382223789580e+06 9.997315776773146867e-01 3.561253118528587996e-04
2.459440383612677455e+06 9.996776258321198316e-01 3.560733842378492652e-04
2.459440385001565795e+06 9.997447743016742994e-01 3.560811922230172968e-04
2.459440386390453670e+06 9.997048216667313580e-01 3.560945658988477975e-04
2.459440387779341545e+06 1.000213064044793931e+00 3.561536205192023224e-04
2.459440389168229420e+06 1.000469774100869236e+00 3.561858297599178585e-04
2.459440390557117760e+06 1.000464280048026344e+00 3.561491376585116460e-04
2.459440391946005635e+06 9.997998998642001478e-01 3.560785251582277377e-04
2.459440393334893975e+06 1.000191527141558900e+00 3.561470701132315357e-04
2.459440394723781850e+06 1.000196914925576275e+00 3.561407514658802061e-04
2.459440396112669725e+06 1.000486362935503193e+00 3.561806903883161721e-04
2.459440397501557600e+06 1.001087153348792613e+00 3.562472259914390153e-04
2.459440398890445475e+06 1.000317539224452990e+00 3.561726140831121372e-04
2.459440400279333815e+06 1.000117968288822823e+00 3.560974454251817538e-04
2.459440401668221690e+06 1.001232470273059505e+00 3.563103499127936546e-04
2.459440403057109565e+06 1.001377908225847824e+00 3.562696721922281357e-04
2.459440404445997439e+06 1.000335568667264363e+00 3.561210605277384078e-04
2.459440405834885780e+06 1.000072546377665184e+00 3.560982957506525970e-04
2.459440407223773655e+06 1.000541928567890482e+00 3.561965526461098944e-04
2.459440408612661529e+06 1.000348263608766164e+00 3.561340269106985797e-04
2.459440410001549870e+06 1.000052667442911991e+00 3.560935996096251696e-04
2.459440411390437745e+06 1.000978581468017437e+00 3.562492929554497180e-04
2.459440412779325619e+06 1.000791246904854326e+00 3.562197361614658376e-04
2.459440414168213494e+06 1.000383015404387788e+00 3.561316694216382756e-04
2.459440415557101369e+06 9.996012063246210166e-01 3.560225895010002070e-04
2.459440416945989709e+06 1.000238068120764323e+00 3.561621223413930751e-04
2.459440418334877584e+06 1.000315977407529422e+00 3.561463744878219390e-04
2.459440419723765459e+06 9.999626144358393365e-01 3.561144128994631953e-04
2.459440421112653334e+06 1.000437317478543697e+00 3.561597843605217263e-04
2.459440422501541674e+06 1.000980753841813620e+00 3.562926771147202198e-04
2.459440423890429549e+06 1.001098721557801108e+00 3.562919624585434808e-04
2.459440425279317424e+06 9.999641265052097161e-01 3.561282297784567762e-04
2.459440426668205298e+06 1.000062092893953203e+00 3.561316307741466559e-04
2.459440428057093173e+06 1.000161573658051584e+00 3.561742757302462613e-04
2.459440429445981514e+06 9.995261286939696177e-01 3.560655180994639658e-04
2.459440430834869388e+06 1.000615007726517902e+00 3.562366205388681293e-04
2.459440432223757263e+06 1.000214015283130919e+00 3.561699863462399656e-04
2.459440433612645138e+06 1.000732001268321847e+00 3.562488872905616977e-04
2.459440435001533478e+06 9.999881963787451422e-01 3.561571565289916035e-04
2.459440436390421353e+06 9.999654640701535202e-01 3.561379495833185208e-04
2.459440437779309228e+06 1.000824492916717157e+00 3.562945892958198249e-04
2.459440439168197103e+06 9.999935557671479902e-01 3.561610789468674563e-04
2.459440440557084978e+06 1.000139006177659606e+00 3.561585284140475179e-04
2.459440441945973318e+06 1.000662793303954023e+00 3.562883118951695911e-04
2.459440443334861193e+06 1.000257452463384711e+00 3.562270193377397188e-04
2.459440444723749068e+06 9.999670959110591451e-01 3.561791446981413061e-04
2.459440446112636942e+06 1.000458126384158763e+00 3.562999394853797624e-04
2.459440447501525283e+06 1.000570417021009462e+00 3.562786348239627859e-04
2.459440448890413158e+06 1.000370572610722153e+00 3.562880221663156186e-04
2.459440450279301032e+06 1.000352337063021846e+00 3.562777849289057853e-04
2.459440451668188907e+06 1.000626315446396797e+00 3.563222857985067220e-04
2.459440453057076782e+06 1.000496426170819575e+00 3.563208759169738575e-04
2.459440454445964657e+06 1.000371538906902114e+00 3.563045942780903295e-04
2.459440455834852532e+06 1.000007025126753879e+00 3.562499497452414335e-04
2.459440457223740872e+06 1.000560258882328579e+00 3.563332363322626976e-04
2.459440458612628747e+06 9.998504536601244830e-01 3.562175531114546764e-04
2.459440460001516622e+06 1.000230897610670411e+00 3.563239081210391114e-04
2.459440461390404496e+06 9.997861617895505981e-01 3.562453715088487378e-04
2.459440462779292371e+06 9.997564928427258302e-01 3.562706959525178399e-04
2.459440464168180712e+06 1.000440691940196247e+00 3.563760116476645946e-04
2.459440465557068586e+06 1.000864247834760024e+00 3.564557550736807061e-04
2.459440466945956461e+06 1.000208914514414182e+00 3.563550205204877469e-04
2.459440468334844336e+06 1.001025302897057490e+00 3.564892111063692375e-04
2.459440469723732211e+06 9.999695374105291856e-01 3.563608139633904059e-04
2.459440471112620085e+06 9.993546410440928840e-01 3.562382432515233486e-04
2.459440472501507960e+06 9.998369663880768421e-01 3.563469288542589226e-04
2.459440473890396301e+06 1.000505182689634509e+00 3.564548283760355448e-04
2.459440475279284175e+06 1.000316930660750003e+00 3.564354637053219685e-04
2.459440476668172050e+06 1.000026486625066546e+00 3.563926569063479203e-04
2.459440478057059925e+06 1.000260618179113825e+00 3.564882072780286909e-04
2.459440479445947800e+06 1.000441460132724503e+00 3.565172399409976146e-04
2.459440480834835675e+06 1.000792594743471708e+00 3.565740436924169448e-04
2.459440482223723549e+06 1.000289760012294416e+00 3.564948865442035060e-04
2.459440483612611890e+06 9.999034113584895911e-01 3.564495577373613428e-04
2.459440485001499299e+06 1.000143725771056813e+00 3.565075690838327856e-04
2.459440486390387639e+06 1.000277970411182160e+00 3.565490882148732903e-04
2.459440487779275514e+06 9.999831975895041580e-01 3.565137268056606116e-04
2.459440489168163389e+06 1.000373157942667124e+00 3.565840794322557624e-04
2.459440490557051264e+06 1.000434809650268209e+00 3.566169830980902688e-04
2.459440491945939139e+06 9.992086689622569073e-01 3.564304437784939069e-04
2.459440493334827013e+06 1.000524065177933908e+00 3.566665547951999101e-04
2.459440494723714888e+06 1.000468078525844184e+00 3.566776105244043207e-04
2.459440496112603229e+06 9.996218839650936605e-01 3.565710908151842285e-04
2.459440497501491103e+06 1.000907404921995481e+00 3.567438026704343196e-04
2.459440498890378978e+06 9.995174490647360521e-01 3.565547626996174130e-04
2.459440500279266853e+06 1.000391694368618412e+00 3.567187240253766626e-04
2.459440501668154728e+06 9.998586327957140751e-01 3.566480892267406247e-04
2.459440503057042602e+06 1.000121920381234153e+00 3.566668056270614305e-04
2.459440504445930477e+06 9.999387265698264082e-01 3.567098110361051669e-04
2.459440505834818352e+06 1.000176007330931149e+00 3.567092515553241814e-04
2.459440507223706227e+06 9.998680234152917956e-01 3.567348903077505813e-04
2.459440508612594567e+06 1.000189112840142336e+00 3.567548560057496611e-04
2.459440510001482442e+06 1.000432050631170577e+00 3.568260675403846097e-04
2.459440511390370317e+06 9.998921082660571225e-01 3.567595627321814948e-04
2.459440512779258192e+06 1.000033688298640699e+00 3.568047942938497221e-04
2.459440514168146066e+06 1.000291595857501381e+00 3.568628443141070184e-04
2.459440515557033941e+06 1.000061390631379776e+00 3.568281311513955226e-04
2.459440516945921816e+06 1.001271207686600162e+00 3.570712836967385563e-04
2.459440518334809691e+06 1.000453621766317580e+00 3.569296769283017944e-04
2.459440519723697565e+06 9.999053389425113236e-01 3.568604530711936488e-04
2.459440521112585440e+06 9.996221783369139136e-01 3.568247753666660524e-04
2.459440522501473315e+06 1.000780674752377530e+00 3.570435874719724120e-04
2.459440523890361656e+06 1.000464697784510859e+00 3.570227319724778806e-04
2.459440525279249065e+06 1.000642373519117223e+00 3.570422960854814512e-04
2.459440526668136939e+06 1.000321184734844548e+00 3.570407541253442399e-04
2.459440528057025280e+06 1.000075327330582464e+00 3.570219609509935380e-04
2.459440529445913155e+06 1.000252940567422089e+00 3.570522993901386125e-04
2.459440530834801029e+06 9.997469159706960928e-01 3.569763906237626168e-04
2.459440532223688904e+06 1.000506726650553846e+00 3.571129299949529876e-04
2.459440533612576779e+06 1.000000762503899576e+00 3.570555759415208232e-04
2.459440535001464654e+06 1.000193712554905856e+00 3.571105018850792329e-04
2.459440536390352529e+06 1.000421022661413417e+00 3.572078831235708644e-04
2.459440537779240403e+06 9.998389918172057023e-01 3.571395032295535382e-04
2.459440539168128278e+06 9.996616073368976840e-01 3.570728255250388435e-04
2.459440540557016153e+06 9.997502049387697598e-01 3.571435497415532023e-04
2.459440541945904028e+06 9.999067757611833640e-01 3.571666910555401186e-04
2.459440543334791902e+06 1.000476013438670320e+00 3.572882113317947137e-04
2.459440544723679777e+06 1.000541328188002899e+00 3.573549258785591997e-04
2.459440546112567652e+06 1.000273773424978252e+00 3.573088202148075061e-04
2.459440547501455527e+06 1.000208066087678427e+00 3.573041207236819393e-04
2.459440548890343402e+06 1.000677453842022890e+00 3.574112691684059586e-04
2.459440550279231276e+06 1.000525211012759152e+00 3.573852938201960865e-04
2.459440551668119151e+06 1.000535908255212325e+00 3.574227254492662320e-04
2.459440553057007026e+06 1.000505779987149069e+00 3.574343931494801006e-04
2.459440554445894901e+06 9.994349564681026532e-01 3.573266931247027480e-04
2.459440555834783241e+06 1.000470406473653595e+00 3.574892801405576211e-04
2.459440557223670650e+06 1.000273684562222876e+00 3.574664292324208968e-04
2.459440558612558991e+06 1.000484737785712674e+00 3.575002141780624543e-04
2.459440560001446400e+06 1.000084720930598081e+00 3.574798280886360845e-04
2.459440561390334275e+06 9.996165593876534805e-01 3.574521635188407397e-04
2.459440562779222615e+06 1.000092398639641722e+00 3.574969802017977745e-04
2.459440564168110024e+06 1.000574428987759168e+00 3.575926781236243119e-04
2.459440565556998365e+06 1.000801297163871784e+00 3.576800965382371253e-04
2.459440566945885774e+06 9.999043242779405150e-01 3.575465838707707236e-04
2.459440568334774114e+06 1.000732297625252176e+00 3.576823668617307812e-04
2.459440569723661523e+06 9.997607538159349883e-01 3.576032241153215274e-04
2.459440571112549398e+06 1.000829792457723855e+00 3.577353882852017100e-04
2.459440572501437739e+06 1.000369190172964107e+00 3.576919674771896038e-04
2.459440573890325148e+06 1.000401198076338094e+00 3.577299249022799165e-04
2.459440575279213488e+06 1.000421066447928720e+00 3.577175742714021507e-04
2.459440576668100897e+06 1.000295800661750611e+00 3.577430061023899625e-04
2.459440578056989238e+06 1.000506378029785370e+00 3.577725332295129696e-04
2.459440579445876647e+06 1.000383286329514787e+00 3.577706289475986851e-04
2.459440580834764987e+06 1.000676848170988009e+00 3.578226372078433383e-04
2.459440582223652396e+06 1.001518293699002360e+00 3.579755600166318230e-04
2.459440583612540271e+06 1.000369505017209892e+00 3.578004038323370057e-04
2.459440585001428146e+06 1.000728648525856190e+00 3.578818681784568575e-04
2.459440586390316021e+06 1.000894712201807923e+00 3.579358598207161798e-04
2.459440587779203895e+06 1.000404403858252911e+00 3.578770800648643953e-04
2.459440589168091770e+06 9.996519314380691856e-01 3.577923833223373650e-04
2.459440590556979645e+06 9.998522680310435451e-01 3.578332148859475785e-04
2.459440591945867520e+06 9.999638064457845310e-01 3.578548116104783203e-04
2.459440593334755395e+06 1.001413925326786414e+00 3.580635768555871052e-04
2.459440594723643269e+06 1.000535189437065098e+00 3.579616990925752352e-04
2.459440596112531144e+06 1.000174121032868513e+00 3.579128836038161982e-04
2.459440597501419019e+06 1.000208545127206472e+00 3.579267848719436978e-04
2.459440598890306894e+06 1.001266740439166636e+00 3.581092586570127018e-04
2.459440600279194769e+06 1.000630460436707558e+00 3.580565616748987998e-04
2.459440601668082643e+06 9.998005618715634091e-01 3.579611800184190188e-04
2.459440603056970518e+06 1.000687497651424840e+00 3.580870238594074397e-04
2.459440604445858393e+06 1.000797212506163048e+00 3.581208847733343163e-04
2.459440605834745802e+06 1.000725548262135778e+00 3.581085284090091965e-04
2.459440607223634142e+06 1.000426756906857451e+00 3.580617894390354227e-04
2.459440608612521552e+06 1.000136885896330430e+00 3.581052999263067732e-04
2.459440610001409892e+06 9.998679364236080502e-01 3.580579839418175127e-04
2.459440611390297301e+06 1.000760568692891761e+00 3.581926316585486701e-04
2.459440612779185642e+06 1.000237980334800936e+00 3.581297626443727834e-04
2.459440614168073051e+06 9.998790693958045095e-01 3.580545051438232661e-04
2.459440615556960925e+06 1.000165489869815794e+00 3.581225950296751609e-04
2.459440616945848800e+06 1.000108722958984453e+00 3.581296281328172435e-04
2.459440618334736675e+06 9.990405110508755460e-01 3.579885937940132019e-04
2.459440619723624550e+06 9.989478172131268652e-01 3.579762905358820579e-04
2.459440621112512425e+06 9.979601366256561912e-01 3.578198100300126810e-04
2.459440622501400299e+06 9.971734301177814785e-01 3.577479499019994001e-04
2.459440623890288174e+06 9.975197634634893618e-01 3.578050968051706983e-04
2.459440625279175583e+06 9.967692808031130003e-01 3.576670900004622045e-04
2.459440626668063924e+06 9.962929351823044399e-01 3.576202740936561459e-04
2.459440628056951333e+06 9.962736213500049676e-01 3.576335902156637194e-04
2.459440629445839208e+06 9.962898879116134365e-01 3.576303959310215327e-04
2.459440630834727082e+06 9.961081175450452463e-01 3.576317814073820154e-04
2.459440632223614957e+06 9.961428288018880917e-01 3.576409215683115151e-04
2.459440633612502832e+06 9.959200586328157412e-01 3.575992020493374960e-04
2.459440635001390707e+06 9.963321373576879969e-01 3.576707842131282285e-04
2.459440636390278582e+06 9.965077748362947130e-01 3.577077627186447755e-04
2.459440637779166456e+06 9.955185992702255682e-01 3.575770125180243592e-04
2.459440639168054331e+06 9.962725075726394097e-01 3.576993745895688413e-04
2.459440640556941740e+06 9.960967206454512946e-01 3.576509273713948927e-04
2.459440641945830081e+06 9.959831516150594588e-01 3.576818858621937059e-04
2.459440643334717490e+06 9.954932196921238985e-01 3.575954108739548619e-04
2.459440644723605365e+06 9.957197617862691974e-01 3.576240842485682624e-04
2.459440646112493239e+06 9.963737551246023560e-01 3.577383892628526602e-04
2.459440647501381114e+06 9.957516859420650901e-01 3.576550258214592458e-04
2.459440648890268989e+06 9.963801034978901905e-01 3.577643966813748126e-04
2.459440650279156398e+06 9.949459826195883316e-01 3.575548601033102960e-04
2.459440651668044738e+06 9.956783118191780968e-01 3.576264703855183994e-04
2.459440653056932148e+06 9.956609753642772231e-01 3.576815203021129104e-04
2.459440654445820022e+06 9.953959084624626197e-01 3.576371693199838740e-04
2.459440655834707897e+06 9.964480918377980334e-01 3.578336187547325104e-04
2.459440657223595772e+06 9.955989160255447334e-01 3.576896587354822421e-04
2.459440658612483647e+06 9.951515303995627226e-01 3.576284524065257331e-04
2.459440660001371522e+06 9.943664425144954633e-01 3.574894341434078069e-04
2.459440661390259396e+06 9.950170953266307405e-01 3.576153670161599601e-04
2.459440662779146805e+06 9.943848018645422560e-01 3.575422917026437834e-04
2.459440664168034680e+06 9.957679738888755017e-01 3.577523550199677147e-04
2.459440665556922555e+06 9.954230130285991462e-01 3.577135150145660503e-04
2.459440666945810430e+06 9.952491846275881571e-01 3.576741897816292049e-04
2.459440668334698305e+06 9.949175816966780994e-01 3.576128653428955291e-04
2.459440669723585714e+06 9.945271174624786825e-01 3.575437545101250482e-04
2.459440671112474054e+06 9.952287092629411580e-01 3.576877540123551361e-04
2.459440672501361463e+06 9.953314860891911975e-01 3.576945647937981908e-04
2.459440673890249338e+06 9.955363885115701139e-01 3.577600686548436273e-04
2.459440675279137213e+06 9.947737577946113019e-01 3.576199084705956725e-04
2.459440676668025088e+06 9.948489367258066540e-01 3.576571423735251816e-04
2.459440678056912962e+06 9.946004043675886752e-01 3.575993752492832010e-04
2.459440679445800837e+06 9.953415701650557557e-01 3.577178051282265303e-04
2.459440680834688246e+06 9.949487466380821932e-01 3.576991821989798127e-04
2.459440682223576121e+06 9.953745360612242798e-01 3.577235572626629389e-04
2.459440683612463996e+06 9.941869970987606830e-01 3.575440432214208042e-04
2.459440685001351871e+06 9.944431193728776597e-01 3.575610190357587015e-04
2.459440686390239745e+06 9.956208822124590352e-01 3.577571448028425650e-04
2.459440687779127154e+06 9.947602175940981617e-01 3.576495996944011567e-04
2.459440689168015029e+06 9.954214938488428199e-01 3.577478729562253747e-04
2.459440690556902904e+06 9.942753521573663988e-01 3.575968927087114875e-04
2.459440691945790779e+06 9.949307824298585512e-01 3.576627223143881169e-04
2.459440693334678654e+06 9.954175886586031918e-01 3.577788230583528657e-04
2.459440694723566063e+06 9.943878426524649372e-01 3.575926781236243119e-04
2.459440696112453938e+06 9.950407212285683478e-01 3.576829440603215165e-04
2.459440697501341812e+06 9.949675788180668556e-01 3.576970274173124804e-04
2.459440698890229687e+06 9.956239127601497207e-01 3.578061546389067781e-04
2.459440700279117562e+06 9.946180100111821076e-01 3.576641461474260801e-04
2.459440701668005437e+06 9.947754308926881617e-01 3.576718424441009681e-04
2.459440703056892846e+06 9.949678696361641261e-01 3.577214218656905734e-04
2.459440704445780721e+06 9.948731420484873134e-01 3.577023373915734451e-04
2.459440705834668595e+06 9.947366087366730225e-01 3.576756905303364771e-04
2.459440707223556004e+06 9.940622300189611016e-01 3.575570734818709706e-04
2.459440708612444345e+06 9.944504862031703363e-01 3.576375349253981440e-04
2.459440710001331754e+06 9.934980336916179322e-01 3.575136695152352482e-04
2.459440711390219629e+06 9.951507479595852468e-01 3.577379468126017439e-04
2.459440712779107504e+06 9.953220999291672033e-01 3.578009231397367138e-04
2.459440714167994913e+06 9.944089974359999751e-01 3.576310501844161575e-04
2.459440715556882787e+06 9.949543994631793176e-01 3.577286744683984233e-04
2.459440716945770662e+06 9.944897228423899005e-01 3.576502539126661675e-04
2.459440718334658537e+06 9.944832089819076737e-01 3.576698991448193842e-04
2.459440719723545946e+06 9.959500964799216094e-01 3.579088842454792359e-04
2.459440721112434287e+06 9.954079379010711826e-01 3.578190407260565305e-04
2.459440722501321696e+06 9.952342738674877509e-01 3.577653199869251549e-04
2.459440723890209571e+06 9.950140134753031607e-01 3.578241757986371169e-04
2.459440725279097445e+06 9.944970757153523966e-01 3.576893701417209947e-04
2.459440726667984854e+06 9.948165211730303215e-01 3.577644736235949859e-04
2.459440728056872729e+06 9.947562465804369314e-01 3.577238843043168966e-04
2.459440729445760604e+06 9.949922028499367244e-01 3.577950953134629046e-04
2.459440730834648479e+06 9.945808850100655851e-01 3.577124569068743619e-04
2.459440732223535888e+06 9.956710553783648665e-01 3.579021159987912505e-04
2.459440733612423763e+06 9.953460323233693785e-01 3.578180598611137146e-04
2.459440735001311637e+06 9.950505012066970245e-01 3.577689362440546758e-04
2.459440736390199047e+06 9.945504406403488096e-01 3.576775953177046218e-04
2.459440737779086921e+06 9.952044009659696266e-01 3.578282338001207872e-04
2.459440739167974796e+06 9.951230277703462246e-01 3.578053468388815023e-04
2.459440740556862671e+06 9.950524921018029101e-01 3.578147518261867830e-04
2.459440741945750080e+06 9.950452357509804724e-01 3.578042890027572503e-04
2.459440743334637955e+06 9.948760832470859850e-01 3.577848434943097606e-04
2.459440744723525830e+06 9.946760051436036587e-01 3.577270008039013373e-04
2.459440746112413704e+06 9.943353060463540061e-01 3.576889276308348794e-04
2.459440747501301114e+06 9.943271847175306766e-01 3.577097058122282705e-04
2.459440748890188988e+06 9.944207503184465669e-01 3.577306559231399185e-04
2.459440750279076863e+06 9.957297999911950415e-01 3.579208245049791720e-04
2.459440751667964272e+06 9.950529060112114355e-01 3.578160404248236491e-04
2.459440753056852147e+06 9.945706759269128394e-01 3.577501813222471426e-04
2.459440754445740022e+06 9.956344506575227626e-01 3.579151139957855127e-04
2.459440755834627897e+06 9.947586216999930731e-01 3.577638196141957232e-04
2.459440757223515306e+06 9.947089035569706139e-01 3.577737450399993990e-04
2.459440758612403180e+06 9.949398020888966521e-01 3.577834778451967606e-04
2.459440760001291055e+06 9.945459162439160838e-01 3.577419480819252120e-04
2.459440761390178464e+06 9.944367399232355575e-01 3.577374658877952550e-04
2.459440762779066339e+06 9.954391052478660518e-01 3.578899251406742073e-04
2.459440764167954214e+06 9.950474580333549257e-01 3.578439076390982614e-04
2.459440765556842089e+06 9.948337204246893162e-01 3.577987882044954791e-04
2.459440766945729498e+06 9.944275345777947583e-01 3.577234033606047406e-04
2.459440768334617373e+06 9.944998535327174150e-01 3.577598185894885399e-04
2.459440769723505247e+06 9.946878874707575369e-01 3.577663779382721796e-04
2.459440771112392657e+06 9.947572806935480738e-01 3.578322340598579063e-04
2.459440772501280531e+06 9.954187581302365029e-01 3.579081920443072579e-04
2.459440773890168406e+06 9.943382577690159652e-01 3.577705904771525097e-04
2.459440775279056281e+06 9.942780669797252058e-01 3.577188247440852339e-04
2.459440776667943690e+06 9.944570744364982229e-01 3.577622807638344577e-04
2.459440778056831565e+06 9.949151142600103359e-01 3.577962301121597561e-04
2.459440779445718974e+06 9.944662533797706816e-01 3.577352728624816629e-04
2.459440780834606849e+06 9.946362725172278596e-01 3.577842087566379952e-04
2.459440782223494723e+06 9.956495550625712454e-01 3.579588537879554457e-04
2.459440783612382133e+06 9.948943315342748672e-01 3.577945759976045763e-04
2.459440785001270007e+06 9.948842856418069758e-01 3.578050198716861046e-04
2.459440786390157882e+06 9.947410030554212357e-01 3.577928257052715778e-04
2.459440787779045757e+06 9.947971388686055461e-01 3.578277914609616708e-04
2.459440789167933166e+06 9.954638652523756237e-01 3.578849063859896912e-04
2.459440790556821041e+06 9.951094778082106851e-01 3.578492538958588003e-04
2.459440791945708450e+06 9.943936410507870916e-01 3.577949799100039801e-04
2.459440793334596325e+06 9.957523087528149519e-01 3.579782321719057313e-04
2.459440794723484199e+06 9.949418557292989407e-01 3.578699073893014718e-04
2.459440796112371609e+06 9.952153097482067112e-01 3.578855024869726105e-04
2.459440797501259483e+06 9.960486707456455147e-01 3.580213683791085011e-04
2.459440798890147358e+06 9.951049631306182475e-01 3.579483759509531171e-04
2.459440800279035233e+06 9.953060097671820872e-01 3.578960398501215921e-04
2.459440801667922642e+06 9.943307546663519014e-01 3.577106100204951252e-04
2.459440803056810051e+06 9.953941373963993700e-01 3.578990010240683728e-04
2.459440804445697926e+06 9.948006558383372111e-01 3.578491000478596271e-04
2.459440805834585801e+06 9.943922130519468050e-01 3.577090132256269739e-04
2.459440807223473676e+06 9.952205929940033391e-01 3.579059616092018759e-04
2.459440808612361085e+06 9.949901378034616828e-01 3.578761570476503024e-04
2.459440810001248959e+06 9.945389780955006254e-01 3.578162327525804512e-04
2.459440811390136369e+06 9.961119015315345049e-01 3.580432036220520544e-04
2.459440812779024243e+06 9.962013917201216762e-01 3.580680357483077034e-04
2.459440814167912118e+06 9.956133554683358478e-01 3.579967829158172657e-04
2.459440815556799527e+06 9.944933071038568606e-01 3.577961147090669126e-04
2.459440816945687402e+06 9.949564357174575102e-01 3.578752147984554555e-04
2.459440818334574811e+06 9.957892273072118661e-01 3.579989551162225453e-04
2.459440819723462686e+06 9.950727150006973831e-01 3.579273039959804783e-04
2.459440821112350561e+06 9.957483193730756188e-01 3.580063366545038761e-04
2.459440822501238436e+06 9.954042926070408859e-01 3.579140949391102053e-04
2.459440823890125845e+06 9.950067785746856686e-01 3.578640806864380550e-04
2.459440825279013254e+06 9.952774628369810417e-01 3.579391282840440757e-04
2.459440826667901129e+06 9.956147239746407918e-01 3.579742143193736072e-04
2.459440828056789003e+06 9.945486459729414586e-01 3.578649652744990048e-04
2.459440829445676412e+06 9.956135560025763942e-01 3.579982438662136779e-04
2.459440830834564287e+06 9.955752116668663554e-01 3.579752716533594892e-04
2.459440832223452162e+06 9.958596047190246825e-01 3.579876133936357296e-04
2.459440833612339571e+06 9.951776197124313494e-01 3.578978280944613080e-04
2.459440835001226980e+06 9.964076037874072256e-01 3.580937886111952551e-04
2.459440836390114855e+06 9.949170774311119070e-01 3.578423691331441159e-04
2.459440837779002730e+06 9.957972669172944213e-01 3.579964561234652977e-04
2.459440839167890605e+06 9.955614408543862481e-01 3.579283230150483359e-04
2.459440840556778014e+06 9.960438596268305078e-01 3.579971097078709697e-04
2.459440841945665888e+06 9.958678387804811294e-01 3.579872096985822153e-04
2.459440843334553298e+06 9.965532475345963981e-01 3.581473447913832817e-04
2.459440844723441172e+06 9.957498237584445633e-01 3.579892089458203532e-04
2.459440846112328582e+06 9.956463932983271592e-01 3.579798854378424267e-04
2.459440847501216456e+06 9.965895789294393348e-01 3.581527633774465240e-04
2.459440848890104331e+06 9.968814236196945622e-01 3.581410614346821285e-04
2.459440850278991740e+06 9.968551928531458328e-01 3.582041205852781328e-04
2.459440851667879615e+06 9.969335470533182697e-01 3.582219104036217234e-04
2.459440853056767024e+06 9.966877857592072454e-01 3.581472102864311294e-04
2.459440854445654899e+06 9.974776069363169295e-01 3.582728735345339067e-04
2.459440855834542308e+06 9.977642552284801125e-01 3.583356982354103442e-04
2.459440857223430183e+06 9.979748529012992808e-01 3.583813069454480182e-04
2.459440858612317592e+06 9.992527802393456060e-01 3.586230418133532069e-04
2.459440860001205467e+06 9.985670153368143565e-01 3.584362217320666353e-04
2.459440861390093341e+06 9.992881626025349462e-01 3.585407669816632046e-04
2.459440862778980751e+06 9.998486654475501334e-01 3.586686907327015341e-04
2.459440864167868625e+06 9.998956821307579679e-01 3.586692663440228909e-04
2.459440865556756034e+06 9.997519133883818743e-01 3.586528226835319693e-04
2.459440866945643909e+06 1.000205476077909328e+00 3.586970480855467729e-04
2.459440868334531318e+06 1.000763295194597946e+00 3.587931355983842922e-04
2.459440869723419193e+06 9.998050506803506376e-01 3.586379517462681427e-04
2.459440871112306602e+06 1.000158183841839632e+00 3.586973742396222541e-04
2.459440872501194477e+06 9.998559259684374201e-01 3.586491769624176483e-04
2.459440873890081886e+06 1.000199903150101433e+00 3.586932876994909018e-04
2.459440875278969761e+06 9.997817983946017950e-01 3.586226004545413500e-04
2.459440876667857636e+06 9.996796945421226877e-01 3.586132358438952794e-04
2.459440878056745045e+06 1.000663806101170783e+00 3.587748945699772486e-04
2.459440879445632454e+06 1.000533956276716596e+00 3.587473106855611801e-04
2.459440880834520329e+06 9.994016052835297259e-01 3.585700556847056571e-04
2.459440882223407738e+06 9.996932245444262177e-01 3.586348239738821621e-04
2.459440883612295613e+06 9.999382004390401368e-01 3.586311780697990751e-04
2.459440885001183022e+06 1.000461500860416297e+00 3.587207798166570298e-04
2.459440886390070897e+06 1.000155871574972988e+00 3.586847691281306065e-04
2.459440887778958306e+06 1.000556286327032085e+00 3.587518569932871340e-04
2.459440889167846180e+06 1.000086574826034802e+00 3.586412713766911221e-04
2.459440890556734055e+06 1.000183629647315442e+00 3.586803179022594228e-04
2.459440891945621464e+06 1.000428852024107362e+00 3.586943812852152655e-04
2.459440893334509339e+06 1.000141378641443035e+00 3.586368963659969573e-04
2.459440894723396748e+06 1.000511154189419161e+00 3.586735450258901961e-04
2.459440896112284623e+06 9.999465566638978675e-01 3.585978834941003029e-04
2.459440897501172032e+06 1.000679600919143430e+00 3.587384097306192178e-04
2.459440898890059907e+06 1.000860867574059121e+00 3.587665122091158879e-04
2.459440900278947316e+06 1.000406080756887084e+00 3.586328475146899428e-04
2.459440901667834725e+06 1.000191530992184941e+00 3.586506352553104487e-04
2.459440903056722600e+06 1.000810565398269958e+00 3.587077342735820341e-04
2.459440904445610009e+06 1.000175263728393382e+00 3.586053102753835242e-04
2.459440905834497884e+06 9.999983350438979013e-01 3.585762163720848986e-04
2.459440907223385293e+06 1.000410817919155537e+00 3.586566986200735241e-04
2.459440908612273168e+06 9.999536881823254397e-01 3.585601331089811493e-04
2.459440910001160577e+06 1.000962909481712515e+00 3.587586667557293870e-04
2.459440911390048452e+06 9.996112121096715208e-01 3.585158140366060862e-04
2.459440912778935861e+06 1.000083189108431636e+00 3.585643171299049284e-04
2.459440914167823736e+06 1.000364016450285387e+00 3.586139650641596388e-04
2.459440915556711145e+06 1.000576029827058511e+00 3.586204896005389087e-04
2.459440916945599020e+06 1.000380359549355891e+00 3.586051375612866478e-04
2.459440918334486429e+06 1.000028119432146312e+00 3.585353158711510621e-04
2.459440919723374303e+06 1.000434730687693730e+00 3.585925483986594623e-04
2.459440921112261713e+06 1.000725438914249255e+00 3.586077282640059483e-04
2.459440922501149587e+06 1.000474943664541927e+00 3.585671000525655818e-04
2.459440923890036996e+06 9.998415351601198653e-01 3.584582236877846334e-04
2.459440925278924406e+06 1.000749386320004319e+00 3.586408300403134139e-04
2.459440926667812280e+06 1.000387106295160367e+00 3.585652767608484850e-04
2.459440928056699689e+06 9.997271261025552080e-01 3.584193833720006068e-04
2.459440929445587564e+06 1.000028128160206586e+00 3.585093067908187887e-04
2.459440930834474973e+06 9.993899325720217997e-01 3.583517723673961940e-04
2.459440932223362848e+06 9.993433322523692652e-01 3.583824398879373535e-04
2.459440933612250257e+06 1.000125492830536755e+00 3.584892084452381508e-04
2.459440935001138132e+06 1.000023361416331191e+00 3.584411367712599865e-04
2.459440936390025541e+06 1.000354844945797961e+00 3.584629656427020146e-04
2.459440937778912950e+06 9.997864862961767241e-01 3.583979166758392300e-04
2.459440939167800825e+06 1.000085047584673870e+00 3.584553055305019225e-04
2.459440940556688234e+06 9.992404287213586533e-01 3.582599461442391680e-04
2.459440941945576109e+06 9.996093307982656384e-01 3.583491029975551944e-04
2.459440943334463518e+06 9.999520356365872997e-01 3.584119719388629915e-04
2.459440944723351393e+06 9.997652751748496991e-01 3.583560356362633045e-04
2.459440946112238802e+06 1.000567724049873153e+00 3.584506402691816523e-04
2.459440947501126211e+06 1.000744838903032230e+00 3.584865400987765033e-04
2.459440948890014086e+06 1.000817779016424769e+00 3.584992097685515662e-04
2.459440950278901495e+06 9.999960540773010775e-01 3.583270175202113287e-04
2.459440951667789370e+06 1.000702235764044268e+00 3.584391784434083801e-04
2.459440953056676779e+06 9.999791387124017383e-01 3.583008588722225640e-04
2.459440954445564188e+06 9.999824891652865366e-01 3.582915050595240989e-04
2.459440955834452063e+06 1.000573721340714650e+00 3.583781001227146065e-04
2.459440957223339472e+06 1.000761307183410942e+00 3.584195369752114324e-04
2.459440958612226881e+06 1.000423601475099344e+00 3.583273824217658309e-04
2.459440960001114756e+06 9.999010077701122601e-01 3.582957114244025810e-04
2.459440961390002165e+06 1.000123481821358462e+00 3.582976129156058981e-04
2.459440962778890040e+06 1.000091554017180417e+00 3.582963644629233013e-04
2.459440964167777449e+06 9.995156398362730066e-01 3.581686920085791460e-04
2.459440965556665324e+06 1.001170972617253074e+00 3.584588764302413990e-04
2.459440966945552733e+06 1.000179034348659846e+00 3.582842062270231434e-04
2.459440968334440142e+06 1.001025712766961506e+00 3.583936155015978050e-04
2.459440969723328017e+06 9.992625968162539563e-01 3.581029746320435903e-04
2.459440971112215426e+06 9.999540292154023291e-01 3.582029102307643072e-04
2.459440972501103301e+06 1.000060587344685947e+00 3.581936307102842154e-04
2.459440973889990710e+06 1.000518546935029507e+00 3.582709142869464959e-04
2.459440975278878119e+06 9.988835212129200114e-01 3.580105079252392719e-04
2.459440976667765994e+06 9.994338370134042693e-01 3.580856017078313039e-04
2.459440978056653403e+06 1.000795264394996220e+00 3.583124019471737947e-04
2.459440979445540812e+06 1.000272751447006891e+00 3.581748019589581743e-04
2.459440980834428687e+06 9.997945025837698951e-01 3.580895414382130777e-04
2.459440982223316096e+06 1.000512687381237553e+00 3.581913636273330510e-04
2.459440983612203505e+06 1.000132903674688212e+00 3.581040315858531132e-04
2.459440985001091380e+06 9.999686965955530971e-01 3.580897336190740922e-04
2.459440986389978789e+06 9.993072629847593591e-01 3.579686200094007661e-04
2.459440987778866664e+06 1.000418078427159907e+00 3.581398892978373497e-04
2.459440989167754073e+06 9.993159445009585085e-01 3.579715421341075768e-04
2.459440990556641482e+06 1.000835263063844849e+00 3.581800279973359384e-04
2.459440991945529357e+06 1.000631964056250434e+00 3.581545887691849495e-04
2.459440993334416766e+06 1.000605920777750235e+00 3.581583163823637435e-04
2.459440994723304175e+06 1.000961585097978057e+00 3.582156667775058742e-04
2.459440996112192050e+06 1.000211567151241043e+00 3.580885613142172248e-04
2.459440997501079459e+06 1.000166658407201314e+00 3.580212338268283219e-04
2.459440998889966868e+06 9.999148501479823148e-01 3.580058560902370560e-04
2.459441000278854277e+06 9.994817593227350860e-01 3.578960398501215921e-04
2.459441001667742152e+06 9.998948603573264426e-01 3.579962831156287793e-04
2.459441003056629561e+06 9.996141976263787088e-01 3.579870559098706864e-04
2.459441004445517436e+06 1.000719372169285082e+00 3.581369301156205921e-04
2.459441005834404845e+06 1.000315666019010452e+00 3.580386290951549058e-04
2.459441007223292720e+06 1.000317137614098240e+00 3.580363033678928171e-04
2.459441008612180129e+06 9.998473051120947419e-01 3.579536052950974033e-04
2.459441010001067538e+06 1.000131289838772863e+00 3.580116420411372539e-04
2.459441011389954947e+06 1.000041709703471726e+00 3.579780976034120676e-04
2.459441012778842356e+06 9.999334276786472353e-01 3.579574503523479177e-04
2.459441014167730231e+06 9.992138388307945096e-01 3.578153865096773880e-04
2.459441015556617640e+06 1.000224331041804193e+00 3.579706578094107730e-04
2.459441016945505515e+06 1.000254668837189831e+00 3.579758291554763347e-04
2.459441018334392924e+06 9.998425374329951154e-01 3.579311108825779394e-04
2.459441019723280333e+06 9.998851291530376217e-01 3.579174597378608673e-04
2.459441021112167742e+06 1.000712752149086615e+00 3.580719564529265242e-04
2.459441022501055617e+06 1.000086660976967190e+00 3.579066153588624020e-04
2.459441023889943026e+06 1.000053807780788562e+00 3.579461457662417873e-04
2.459441025278830435e+06 1.001397177027726126e+00 3.581394857744293566e-04
2.459441026667718310e+06 1.000107316212753394e+00 3.579357829153373589e-04
2.459441028056605719e+06 9.996862357995162096e-01 3.578750225023966049e-04
2.459441029445493128e+06 1.000525334074353179e+00 3.580120457086407573e-04
2.459441030834381003e+06 1.000042355830831120e+00 3.579446461514677945e-04
2.459441032223268412e+06 9.999271455517567686e-01 3.579222088571234832e-04
2.459441033612155821e+06 9.997821309510089849e-01 3.578779646207939295e-04
2.459441035001043230e+06 9.993108772021458419e-01 3.578272529603777029e-04
2.459441036389931105e+06 9.993692733052010890e-01 3.578019425187368703e-04
2.459441037778818514e+06 1.000339598133137109e+00 3.580041068308584327e-04
2.459441039167705923e+06 1.000185189871066749e+00 3.579497025197510155e-04
2.459441040556593332e+06 1.000646549470835645e+00 3.580153711426602181e-04
2.459441041945481207e+06 9.998319823101909920e-01 3.579029235804050829e-04
2.459441043334368616e+06 1.000670833486668521e+00 3.580380909116774135e-04
2.459441044723256025e+06 1.000120242918713931e+00 3.579452613788017701e-04
2.459441046112143900e+06 1.000282637290716536e+00 3.579937841042195139e-04
2.459441047501031309e+06 9.999015899004767283e-01 3.579077882596720271e-04
2.459441048889918718e+06 1.000467147723326233e+00 3.580057215321267965e-04
2.459441050278806128e+06 1.000076589585878750e+00 3.579794817340740411e-04
2.459441051667694002e+06 1.000239512162436339e+00 3.579858832687726387e-04
2.459441053056581412e+06 9.999038940790401231e-01 3.579580078822206099e-04
2.459441054445468821e+06 1.000327905800325157e+00 3.580179276692001082e-04
2.459441055834356695e+06 1.000239778215501918e+00 3.579505676706661163e-04
2.459441057223244105e+06 9.994443285019823930e-01 3.578880214833890690e-04
2.459441058612131514e+06 1.000557200704262018e+00 3.580442991933482271e-04
2.459441060001018923e+06 9.997682953085336166e-01 3.579401857216719875e-04
2.459441061389906798e+06 9.992864391368567745e-01 3.578582923497254978e-04
2.459441062778794207e+06 1.000054927019884188e+00 3.579810580985875188e-04
2.459441064167681616e+06 1.000464255715806106e+00 3.580216951487212801e-04
2.459441065556569025e+06 1.000166719812520588e+00 3.579992819062934061e-04
2.459441066945456434e+06 1.000619026794616229e+00 3.580904254693199678e-04
2.459441068334344309e+06 1.000465458569435917e+00 3.580851212499413594e-04
2.459441069723231718e+06 9.994650959045622285e-01 3.579192863296499854e-04
2.459441071112119127e+06 9.993357608856165974e-01 3.579008661665109914e-04
2.459441072501006536e+06 1.000203446659327700e+00 3.580603671872327107e-04
2.459441073889894411e+06 1.000465209260622101e+00 3.580662483540142577e-04
2.459441075278781820e+06 9.995451701514096454e-01 3.579378401285312084e-04
2.459441076667669229e+06 1.000045981174550791e+00 3.580639035866803495e-04
2.459441078056556638e+06 1.000106249048005269e+00 3.580097390310614525e-04
2.459441079445444047e+06 1.000088444689634981e+00 3.580417428551090466e-04
2.459441080834331922e+06 1.001045379629570631e+00 3.582660161211018916e-04
2.459441082223219331e+06 1.000092342983683880e+00 3.580605017248073138e-04
2.459441083612106740e+06 9.997082683334559405e-01 3.580178315595100233e-04
2.459441085000994150e+06 1.000090456479299617e+00 3.580839104931994241e-04
2.459441086389882024e+06 9.999126627130484612e-01 3.580552739418695410e-04
2.459441087778769433e+06 9.998402197053639640e-01 3.580180814446504893e-04
2.459441089167656843e+06 9.998693810878406252e-01 3.580585413151502220e-04
2.459441090556544252e+06 9.995966804803830819e-01 3.580336316460285646e-04
2.459441091945431661e+06 9.997295522556121083e-01 3.580367646703690155e-04
2.459441093334319536e+06 9.997611479267765056e-01 3.580497577793190981e-04
2.459441094723206945e+06 1.000650584113800923e+00 3.582461730621490825e-04
2.459441096112094354e+06 9.997803358269262697e-01 3.580963830133462671e-04
2.459441097500981763e+06 1.000666576984780232e+00 3.582404677391533569e-04
2.459441098889869638e+06 1.001016117633591218e+00 3.582896035359054679e-04
2.459441100278757047e+06 9.988939937699644611e-01 3.579753485502547533e-04
2.459441101667644456e+06 1.000201607774557910e+00 3.581766272383803021e-04
2.459441103056531865e+06 1.000784257655299880e+00 3.582846095874374945e-04
2.459441104445419274e+06 9.998318210916457005e-01 3.581318187432907521e-04
2.459441105834306683e+06 1.000319041623545013e+00 3.582121126648044659e-04
2.459441107223194093e+06 1.000114887250191265e+00 3.581601801744046924e-04
2.459441108612081967e+06 1.000152298716397992e+00 3.581800664238063859e-04
2.459441110000969376e+06 1.000846191298222498e+00 3.583536735611297800e-04
2.459441111389856786e+06 1.000769079859231914e+00 3.583156861817438587e-04
2.459441112778744195e+06 1.000480779167702616e+00 3.582688974032382742e-04
2.459441114167631604e+06 1.000190410248136264e+00 3.581973194925541434e-04
2.459441115556519479e+06 1.001364950609523907e+00 3.584490275721337544e-04
2.459441116945406888e+06 1.000063851589330088e+00 3.581825833486382954e-04
2.459441118334294297e+06 1.000254577007533063e+00 3.582524545753070682e-04
2.459441119723181706e+06 1.000766293634677284e+00 3.583271903683624311e-04
2.459441121112069115e+06 9.995386841127976707e-01 3.581423488592547851e-04
2.459441122500956524e+06 9.998445586676977248e-01 3.582287878719713718e-04
2.459441123889843933e+06 9.997883815055345069e-01 3.581988180495003201e-04
2.459441125278731808e+06 1.000905872154798093e+00 3.583789066317316207e-04
2.459441126667619217e+06 1.000408586315465254e+00 3.583016655551036480e-04
2.459441128056506626e+06 1.000261056014910777e+00 3.582947318643897789e-04
2.459441129445394035e+06 9.999815369276542354e-01 3.582522432723732591e-04
2.459441130834281445e+06 1.000406996937281079e+00 3.583090408572356324e-04
2.459441132223168854e+06 1.000296467599458561e+00 3.582697425749360926e-04
2.459441133612056263e+06 1.000242758288369282e+00 3.583109806901329185e-04
2.459441135000944138e+06 1.000000304621233349e+00 3.582739107789190700e-04
2.459441136389831547e+06 9.999748730699954402e-01 3.582494963228924985e-04
2.459441137778718956e+06 9.997992878254646776e-01 3.582464227880160753e-04
2.459441139167606365e+06 1.000575380965688321e+00 3.583742211730375207e-04
2.459441140556493774e+06 1.000334067616095446e+00 3.583184710354260440e-04
2.459441141945381183e+06 1.000185008541857323e+00 3.583180677131296934e-04
2.459441143334269058e+06 1.000232932995617663e+00 3.583488149348729255e-04
2.459441144723156467e+06 9.997566472862942089e-01 3.582591777854045485e-04
2.459441146112043411e+06 1.000711635893328566e+00 3.583674041052906318e-04
2.459441147500931285e+06 9.997619518324938337e-01 3.582722204531952237e-04
2.459441148889818694e+06 1.000835904045801472e+00 3.584252586479193237e-04
2.459441150278706104e+06 1.000053094573410739e+00 3.583170498024581424e-04
2.459441151667593513e+06 1.000048507735805670e+00 3.582900837195898951e-04
2.459441153056480922e+06 9.996844436729561689e-01 3.582595427560564478e-04
2.459441154445368331e+06 1.000193813601666593e+00 3.583667127897701235e-04
2.459441155834255740e+06 9.999588333354361147e-01 3.582822662491620637e-04
