2.459066389858467970e+06 -2.338794480463879881e+04 4.006394583708280166e+00
2.459066396374804899e+06 -2.338585519110140012e+04 3.971909854560169872e+00
2.459066402856410947e+06 -2.337645006934240155e+04 3.744690632466940006e+00
2.459066409604229964e+06 -2.337703383689199836e+04 3.909707314900420005e+00
2.459066416247878224e+06 -2.337402259557340221e+04 3.961644043282130045e+00
2.459066422833655030e+06 -2.337112758235570072e+04 3.771725546101820203e+00
2.459066429211088922e+06 -2.337326512392969744e+04 4.087083416945850090e+00
2.459066435565381777e+06 -2.337384078530879924e+04 4.038363033127009949e+00
2.459066442417371087e+06 -2.337392576165569699e+04 4.490069931829049565e+00
2.459066449037867133e+06 -2.337316748034319971e+04 4.062159216848040266e+00
2.459066455484751146e+06 -2.337489049488180171e+04 4.109418309828940075e+00
2.459066462047374807e+06 -2.337804912504820095e+04 4.220280869724279960e+00
2.459066468505828176e+06 -2.337959451279499990e+04 4.681516010729239952e+00
2.459066474999011029e+06 -2.337706837702040139e+04 4.792193422934269975e+00
2.459066481607935857e+06 -2.338131000127110019e+04 4.596677729307540261e+00
2.459066488054818008e+06 -2.338381618345380048e+04 4.607206300838820212e+00
2.459066494652160909e+06 -2.338843380867000087e+04 4.857695911021499668e+00
2.459066501214784104e+06 -2.338897118333819890e+04 5.451591518703939876e+00
2.459066508124638814e+06 -2.339245192664969727e+04 5.270091310606190405e+00
2.459066514525218867e+06 -2.339418544158669829e+04 5.402631547889719776e+00
2.459066521006821189e+06 -2.340182565380469896e+04 5.234551381454969565e+00
2.459066527465269901e+06 -2.340254706354399968e+04 5.088292779038329883e+00
2.459066534143642988e+06 -2.340244555207949816e+04 5.241748822318010426e+00
2.459066540254858788e+06 -2.340840567594219829e+04 5.611648416736700007e+00
2.459066547222583089e+06 -2.340911019594420213e+04 5.316842250846529616e+00
2.459066553657892160e+06 -2.341162021835189807e+04 5.207233068439879986e+00
2.459066560220511165e+06 -2.341145120377180137e+04 5.736495333513509820e+00
2.459066566875720862e+06 -2.341193531571199856e+04 5.783148787871570384e+00
2.459066573276298121e+06 -2.341188704881319791e+04 5.572576461809259918e+00
2.459066579734745901e+06 -2.341504966419460106e+04 5.647688210100080042e+00
2.459066586494136136e+06 -2.342009562871370144e+04 4.957289809637909883e+00
2.459066592894711997e+06 -2.342037099199770091e+04 5.698857032507329556e+00
2.459066599549919832e+06 -2.341840378609480103e+04 5.704959223564229909e+00
2.459066606077816803e+06 -2.341336927585070225e+04 5.631471447522449658e+00
2.459066612304781098e+06 -2.341830666658420159e+04 5.788006277166520164e+00
2.459066619214619976e+06 -2.341191455029930148e+04 5.700899634328179921e+00
2.459066625696215779e+06 -2.340603664009579734e+04 5.852711085891160181e+00
2.459066631853738800e+06 -2.339826406367780146e+04 5.640134154196539740e+00
2.459066638543664943e+06 -2.340183124350680009e+04 5.781134078845889590e+00
2.459066645430362783e+06 -2.339372045272069954e+04 5.153207186965019559e+00
2.459066652039279230e+06 -2.340107097297979999e+04 4.482063539085189952e+00
2.459066658497722819e+06 -2.339669195963489983e+04 4.546397831546710400e+00
