2.458902827972124796e+06 9.997150991624033090e-01 3.422807440074508993e-04
2.458902848806173541e+06 9.998204557352934341e-01 3.424870939140048712e-04
2.458902869640220888e+06 9.999246212479619977e-01 3.424047639223545022e-04
2.458902890474268235e+06 9.999335296061686584e-01 3.422176687612927290e-04
2.458902911308315117e+06 1.000432095708680080e+00 3.423861776913449530e-04
2.458902932142361533e+06 9.994323155892477217e-01 3.422663679322090926e-04
2.458902952976407018e+06 1.000026225473999109e+00 3.422124785988243587e-04
2.458902973810452037e+06 9.996683561937702578e-01 3.422729734172033069e-04
2.458902994644496590e+06 9.995812837527866535e-01 3.420318675311738704e-04
2.458903015478541143e+06 9.968247687546145652e-01 3.422881188777267812e-04
2.458903036312584300e+06 9.951324979347260236e-01 3.415637739654929007e-04
2.458903057146627456e+06 9.948058831404993363e-01 3.416521900417255351e-04
2.458903077980669215e+06 9.940291981729432180e-01 3.415430155537233273e-04
2.458903098814711440e+06 9.947738798624721213e-01 3.416309285630393330e-04
2.458903119648752734e+06 9.991367482788184873e-01 3.421061152072473951e-04
2.458903140482793096e+06 1.000473500678970673e+00 3.422986594624467761e-04
2.458903161316833459e+06 1.000045941222817536e+00 3.421483562200650736e-04
2.458903182150873356e+06 9.995560185448240098e-01 3.420884823541252783e-04
2.458903202984912321e+06 1.000033094111410392e+00 3.420948830431883025e-04
2.458903223818950821e+06 9.999670190793388258e-01 3.422232350525933353e-04
2.458903244652988389e+06 1.000028809594804002e+00 3.420779399976259997e-04
2.458903265487025958e+06 1.000140708376376253e+00 3.420039376428973105e-04
2.458903286321063060e+06 1.000150656085913248e+00 3.419977172826211284e-04
2.458903307155098766e+06 9.998097203116562692e-01 3.418685390021814299e-04
2.458907682288839482e+06 9.996724986730245455e-01 3.404394457396491816e-04
2.458907703122737352e+06 1.000243626015842491e+00 3.404706807018181521e-04
2.458907723956635222e+06 9.997819577399238433e-01 3.406505504385981434e-04
2.458907744790532161e+06 9.995547541861193874e-01 3.406504935845767611e-04
2.458907765624428168e+06 9.997889720297843397e-01 3.407733521834554655e-04
2.458907786458323710e+06 9.993192947241991142e-01 3.403933325390231515e-04
2.458907807292217854e+06 1.000313619642297702e+00 3.407291112781297873e-04
2.458907828126111999e+06 9.992158769263588258e-01 3.404302275943204702e-04
2.458907848960005213e+06 1.000413223952169250e+00 3.407097514367770806e-04
2.458907869793897495e+06 9.983637838449568314e-01 3.406695357942148093e-04
2.458907890627789311e+06 9.951963438301705267e-01 3.398572134831731378e-04
2.458907911461680196e+06 9.936415490161878417e-01 3.397657743854885781e-04
2.458907932295570150e+06 9.942558454876768703e-01 3.397976992852073485e-04
2.458907953129459638e+06 9.949326001251537210e-01 3.405113059129147844e-04
2.458907973963347729e+06 9.977875178312847204e-01 3.404718293652857176e-04
2.458907994797235820e+06 9.998908535007817733e-01 3.405319145599392644e-04
2.458908015631122980e+06 9.999650905689150271e-01 3.410302875618989680e-04
2.458908036465009209e+06 9.999084006694936022e-01 3.408047221716185653e-04
2.458908057298894972e+06 1.000003146056318570e+00 3.404836266567341937e-04
2.458908078132779337e+06 9.991572418426031277e-01 3.404271724244352154e-04
2.458908098966663703e+06 9.998544594049192380e-01 3.404217025382490235e-04
2.458908119800547138e+06 9.999187621751213229e-01 3.405171905571697404e-04
2.458908140634429175e+06 9.999228612929531579e-01 3.404163017292318925e-04
2.458908161468311213e+06 1.000119393266070134e+00 3.403930226779973162e-04
2.458917390793355647e+06 9.991540019180151777e-01 3.437316821314727864e-04
2.458917411626953166e+06 9.998037023352197572e-01 3.439680154415754245e-04
2.458917432460549287e+06 1.000323107463718664e+00 3.438224535907590039e-04
2.458917453294144943e+06 1.000723364262438686e+00 3.437563905637829953e-04
2.458917474127740134e+06 9.989370223187341580e-01 3.434598625710571758e-04
2.458917536628522910e+06 9.990611729500504801e-01 3.432300237763340699e-04
2.458917578295708168e+06 1.000005556934099538e+00 3.432345173187561788e-04
2.458917599129300099e+06 9.966119927939482981e-01 3.428761668897395377e-04
2.458917619962891098e+06 9.943544992760773304e-01 3.426551532756449210e-04
2.458917640796482097e+06 9.948209901962261625e-01 3.426975877976825321e-04
2.458917661630071700e+06 9.939555947476503839e-01 3.424932740821181416e-04
2.458917682463661768e+06 9.954141201364066216e-01 3.428746355926956188e-04
2.458917724130839109e+06 9.998994800377110082e-01 3.433655950264008624e-04
2.458917744964426849e+06 9.999014836577775345e-01 3.432004032115709507e-04
2.458917765798014123e+06 9.988241576201577487e-01 3.430583071892825096e-04
2.458917786631600931e+06 9.997538936188608005e-01 3.430661238414298934e-04
2.458917807465187274e+06 9.998893608818493206e-01 3.430923818834937682e-04
2.458917828298772685e+06 1.000899740673040661e+00 3.430609010579368807e-04
2.458917849132357631e+06 1.000095344233679739e+00 3.429550974633307939e-04
2.458917869965942111e+06 9.999352100656442310e-01 3.428648719451748246e-04
2.458917890799525660e+06 9.996524876940844351e-01 3.431857326481531660e-04
2.458922265837843064e+06 1.000110395722084267e+00 3.406388651388763235e-04
2.458922286671285052e+06 1.000345523947459903e+00 3.412612773268803570e-04
2.458922307504726108e+06 9.998719124812696091e-01 3.409397345856271999e-04
2.458922328338166699e+06 9.997075545310316613e-01 3.406007521654126754e-04
2.458922349171606358e+06 9.999193302501501179e-01 3.405374100513511326e-04
2.458922370005045552e+06 9.996259197848313960e-01 3.406104283904440289e-04
2.458922390838483814e+06 9.999240083871145934e-01 3.405585108826715362e-04
2.458922411671920680e+06 9.999654222515870217e-01 3.405452815997617785e-04
2.458922432505357545e+06 9.991938986016708490e-01 3.404944407171404041e-04
2.458922453338793479e+06 9.986761701531436941e-01 3.403226841447596685e-04
2.458922474172228482e+06 9.943713916063716685e-01 3.400282099687172493e-04
2.458922495005663019e+06 9.944734561206485246e-01 3.401634854628872722e-04
2.458922515839096159e+06 9.945575532065045188e-01 3.400773865535365657e-04
2.458922536672529299e+06 9.947287316536663759e-01 3.399086649408961124e-04
2.458922557505961508e+06 9.979086192528319188e-01 3.402842629718692662e-04
2.458922578339392319e+06 1.000049591909328850e+00 3.406098338991841524e-04
2.458922599172823131e+06 9.997684420055619192e-01 3.406601504668964374e-04
2.458922620006252546e+06 9.995982607627964533e-01 3.404723517626611837e-04
2.458922640839681495e+06 9.990727786861983706e-01 3.406131846043663255e-04
2.458922661673109978e+06 1.000081549650165158e+00 3.405277846347598623e-04
2.458922682506536599e+06 9.995457341051756650e-01 3.405198587880971781e-04
2.458922703339963686e+06 9.999721995846777567e-01 3.405387205841340671e-04
2.458922724173388910e+06 9.998065123001258492e-01 3.408087854881362930e-04
2.458922745006814133e+06 9.995896971191959857e-01 3.404761893662360006e-04
