2.458991511194359977e+06 -0.000000000000000000e+00 1.889999999999999858e+01
2.459204777449219953e+06 1.282000000000000171e+02 1.680000000000000071e+01
2.459206675571030006e+06 1.302000000000000171e+02 2.769999999999999929e+01
2.459215779970420059e+06 -2.089999999999999858e+01 2.150000000000000000e+01
2.459229689622459933e+06 -6.370000000000000995e+01 3.520000000000000284e+01
2.459233681914580055e+06 2.319000000000000057e+02 1.750000000000000000e+01
2.459235672768719960e+06 8.629999999999999716e+01 1.980000000000000071e+01
2.459239607375469990e+06 -5.950000000000000000e+01 1.179999999999999893e+01
2.459243671469769906e+06 1.192000000000000028e+02 1.209999999999999964e+01
2.459254557063309941e+06 1.259999999999999964e+01 1.640000000000000213e+01
2.459276677820680197e+06 4.532999999999999545e+02 1.569999999999999929e+01
2.459277728337820154e+06 1.077000000000000028e+02 1.569999999999999929e+01
2.459283699935169891e+06 -2.819999999999999929e+01 1.559999999999999964e+01
2.459284684313539881e+06 1.980000000000000000e+02 3.160000000000000142e+01
2.459285672258850187e+06 4.955999999999999659e+02 1.529999999999999893e+01
2.459290642569830175e+06 5.070000000000000000e+02 1.550000000000000000e+01
2.459291542423999868e+06 3.572000000000000455e+02 1.400000000000000000e+01
2.459292507936580107e+06 4.889999999999999858e+01 1.459999999999999964e+01
